0.169532  7.26952e-07
0.00592534  0.00214468
42.8   252.228  0.0394617   107287  1440.91   0.588615  0.0151256
86.5   510.772  0.188389   11950.6  677.787   1.0164  0.058367
105.3   621.519  0.283148   6938.43  598.522   0.847303  0.0739152
123.1   726.02  0.0117707   342043  983.152   0.989279  0.00840956
247.7   1462.39  0.0579632   36847.1  587.314   0.628816  0.0107094
591.8   3489.94  0.0962912   12347.4  284.029   0.294408  0.00699892
723.3   4266.79  0.0379969   42592.3  355.087   0.250282  0.00257077
873.2   5150.87  0.0539611   22417.4  405.513   0.21696  0.00420823
996.3   5877.08  0.0661817   17672.8  388.724   0.199837  0.00474927
1004.7   5927.03  0.0482071   30053.9  480.87   0.19606  0.00342409
1274.5   7516.96  0.0370991   46481.6  615.908   0.157252  0.00222709
1596.4   9417.29  0.214173   2004.11  180.264   0.133437  0.0120386
