0.1677  4.66428e-07
0.0513233  0.00130899
42.8   254.833  0.0355261   111833  1540.21   0.613555  0.0158771
86.5   515.795  0.0857347   12286  400.223   1.04492  0.0353141
105.3   627.411  0.11625   8360.22  375.88   1.02093  0.0477818
123.1   733.668  0.00709505   354969  958.016   1.02666  0.0086681
247.7   1477.6  0.027189   39718.4  413.919   0.677815  0.00815084
591.8   3527.9  0.0535357   13045.1  236.165   0.311045  0.00593226
723.3   4313.11  0.0243933   46552.8  351.503   0.273556  0.00263825
873.2   5207.08  0.0372456   24571  288.823   0.237803  0.00325339
996.3   5941.03  0.0430509   18784.5  272.988   0.212407  0.00363085
1004.7   5991.6  0.0315833   33096.2  332.446   0.215907  0.00264342
1274.5   7598.7  0.0248488   52403.1  384.744   0.177285  0.0015748
1596.4   9519.96  0.143372   2228.8  100.875   0.148397  0.00679626
