0.173624  1.08468e-06
0.288513  0.00366764
42.8   245.636  0.100938   14407.4  535.106   0.0790443  0.00340846
86.5   497.572  0.410909   3103.62  408.708   0.263962  0.0348417
105.3   604.007  0.422765   1888.95  351.12   0.230674  0.0429825
123.1   707.291  0.0196993   101749  600.817   0.294286  0.00292615
247.7   1425.51  0.0649332   17221.1  373.297   0.293888  0.00661005
591.8   3405.55  0.105718   7922.28  216.864   0.188897  0.00529361
723.3   4164.41  0.0449598   27882.8  296.333   0.163846  0.00199966
873.2   5027.53  0.0698028   13433  268.425   0.130007  0.00275265
996.3   5735.92  0.0882335   12226.3  352.531   0.13825  0.00417596
1004.7   5784.92  0.0607609   18896.9  371.158   0.123276  0.00257047
1274.5   7339  0.0506386   29519  448.375   0.099866  0.00159697
1596.4   9198.61  0.398584   735.032  89.5815   0.0489397  0.00597432
