0.387162  5.25574e-06
0.0880107  0.0132625
123.1   317.383  0.0481444   15678.3  396.481   0.00724601  0.000192192
247.7   639.642  0.0546185   9843.61  296.342   0.0268434  0.000824015
591.8   1527.88  0.0680814   4966.26  172.793   0.018922  0.000668077
723.3   1867.94  0.0262023   20860.1  258.387   0.0195875  0.000269589
873.2   2255.57  0.0355659   11165.4  196.607   0.0172676  0.000327202
996.3   2573.21  0.0431098   8509.06  181.873   0.015375  0.00035657
1004.7   2595.18  0.0296828   15614.3  222.776   0.0162769  0.000258675
1274.5   3291.4  0.0214163   26498.3  260.61   0.0143251  0.000158048
1596.4   4124.63  0.148741   1100.17  68.5123   0.0117052  0.000733521
