0.377677  1.8229e-06
0.024099  0.00266954
42.8   113.295  0.0187271   61618.6  552.668   0.0541599  0.00128485
86.5   229.118  0.0912894   15212.3  583.821   0.221026  0.00871271
105.3   278.821  0.139884   6611  485.665   0.137918  0.0102893
123.1   325.85  0.00684787   301247  944.705   0.139227  0.00119633
247.7   656.253  0.0283453   32840.6  428.649   0.0895558  0.00128651
591.8   1566.81  0.0476658   10475.6  222.595   0.0399132  0.000881275
723.3   1915.04  0.0197186   39112.6  337.764   0.0367265  0.000386195
873.2   2311.87  0.028607   20356.1  255.48   0.0314811  0.000452405
996.3   2637.76  0.0338826   14820.9  225.576   0.0267799  0.000473521
1004.7   2660.33  0.0247776   26824.8  285.318   0.0279633  0.000356059
1274.5   3374.41  0.0174634   44398.2  325.615   0.0240018  0.000213045
1596.4   4228.95  0.105763   1856.84  80.4104   0.0197557  0.000866624
