0.161912  1.30007e-06
-0.0309777  0.00716721
123.1   759.215  0.0598095   11308  303.879   0.00522621  0.000146535
247.7   1530.51  0.0591795   10536.5  252.204   0.0287328  0.000709033
591.8   3653.72  0.0844964   5725.95  162.888   0.0218165  0.000634276
723.3   4468.21  0.0375512   20816.1  244.848   0.0195462  0.000258095
873.2   5393.3  0.0558316   11292.2  190.111   0.0174637  0.000318413
996.3   6153.8  0.0672909   9000.94  170.733   0.0162638  0.000341461
1004.7   6206.15  0.0485521   15663.2  216.702   0.0163279  0.000253168
1274.5   7870.99  0.0386837   26747.4  260.408   0.0144597  0.000158257
1596.4   9859.19  0.431036   1369.02  99.8088   0.0145656  0.00106679
