0.166419  4.43203e-07
0.243817  0.00117723
42.8   256.51  0.0171211   93119.4  699.106   0.0818476  0.0018997
86.5   519.071  0.0873606   10928.1  379.975   0.158779  0.00570276
105.3   631.91  0.11432   6511.8  312.551   0.135848  0.00675532
123.1   738.026  0.00680405   298844  881.454   0.138116  0.00117764
247.7   1487.79  0.0265449   34143.9  364.137   0.09311  0.00113936
591.8   3553.1  0.05095   11954.4  214.869   0.0455477  0.000863083
723.3   4345.38  0.0240287   40945  327.936   0.038447  0.000384753
873.2   5245.87  0.0353845   21833  249.64   0.0337652  0.000452678
996.3   5985.3  0.0427729   17248.6  231.722   0.0311664  0.000503971
1004.7   6036.27  0.0316754   29344  287.028   0.0305894  0.000367935
1274.5   7656.38  0.0246517   47869.5  331.454   0.0258784  0.000221019
1596.4   9591.47  0.148234   1812.87  73.7687   0.0192879  0.000796384
