0.17484  4.64215e-07
0.157742  0.00118708
42.8   243.969  0.0161088   102756  698.379   0.0903179  0.00207641
86.5   494.339  0.0762145   12091.5  383.33   0.175683  0.00578966
105.3   601.697  0.111346   7389.82  334.361   0.154165  0.00725758
123.1   703.189  0.00656907   329072  923.348   0.152087  0.00128936
247.7   1416.28  0.0256593   36325.8  376.973   0.0990598  0.00118745
591.8   3381.87  0.0494501   12481.4  217.234   0.0475555  0.000875489
723.3   4134.49  0.0230736   43554.6  340.54   0.0408974  0.000403067
873.2   4994.16  0.0338877   22805.9  254.562   0.0352698  0.000464696
996.3   5697.61  0.0414017   17751.5  238.254   0.0320751  0.000518328
1004.7   5746.03  0.0292677   30560.9  289.788   0.0318579  0.000375484
1274.5   7288.96  0.0233526   49644.5  337.377   0.026838  0.000226433
1596.4   9132.23  0.140642   1908.88  75.4029   0.0203094  0.000814743
