0.139239  4.81839e-07
0.0852403  0.00148219
42.8   307.008  0.0314414   96624.7  1136.66   0.0849286  0.00211596
86.5   621.458  0.115416   10834.1  367.806   0.157413  0.00552861
105.3   755.991  0.160204   7511.46  353.444   0.156703  0.00764972
123.1   883.325  0.00987959   317224  917.963   0.146611  0.00124726
247.7   1780.54  0.0391522   35003  391.084   0.0954526  0.00121053
591.8   4249.87  0.0775516   11879.8  227.651   0.0452632  0.000908898
723.3   5194.39  0.0355605   41329.4  339.7   0.038808  0.000394923
873.2   6270.32  0.0541793   21453  268.699   0.0331775  0.000476044
996.3   7153.73  0.0673388   16253.6  262.543   0.0293686  0.000543054
1004.7   7214.73  0.0492667   26683.3  300.476   0.0278158  0.000368814
1274.5   9152.73  0.0388207   44618  347.013   0.0241206  0.000223019
1596.4   11467.8  0.247039   1845.75  84.1125   0.0196377  0.000905404
