0.1677  4.51765e-07
0.0561926  0.00123724
42.8   254.683  0.0187023   105564  868.566   0.0927861  0.00217612
86.5   515.641  0.0825536   13276.4  400.069   0.192898  0.00606649
105.3   627.364  0.113161   7984.25  338.107   0.166566  0.00737842
123.1   733.668  0.00709505   354969  958.016   0.164056  0.00138512
247.7   1477.59  0.0274568   39396.3  393.226   0.107433  0.00125115
591.8   3527.92  0.0530076   13214.8  230.14   0.0503497  0.00092744
723.3   4313.11  0.0243933   46552.8  351.503   0.0437128  0.000421578
873.2   5207.08  0.0357653   24801.7  267.45   0.0383564  0.000493122
996.3   5941.03  0.0431643   18804.3  246.956   0.0339774  0.00054095
1004.7   5991.56  0.0316104   32890.6  304.869   0.0342865  0.000398252
1274.5   7598.66  0.0245978   52819  350.632   0.0285541  0.000237305
1596.4   9520.27  0.14504   2065.45  78.054   0.0219752  0.000844576
