0.165275  6.70241e-06
0.33651  0.0413131
123.1   743.256  0.51882   13230.9  1188.3   0.00611491  0.000551371
247.7   1498.07  0.758087   9677.39  1244.7   0.0263901  0.00339797
591.8   3578.22  0.43202   4741.13  332.703   0.0180643  0.00127226
723.3   4374.45  0.125836   22455.2  345.742   0.0210853  0.000348428
873.2   5280.6  0.184607   11379.1  410.079   0.017598  0.00064605
996.3   6024.22  0.260216   6389.66  399.392   0.0115455  0.000729103
1004.7   6077.9  0.178022   14184.5  572.694   0.0147865  0.000605906
1274.5   7709.44  0.106771   25825.5  843.747   0.0139614  0.000461443
1596.4   9660  8.67722   930.609  65.0906   0.00990113  0.000695986
