0.161926  6.39504e-07
0.123418  0.00268054
42.8   263.342  0.1164   9947.02  653.911   0.00874296  0.000605984
86.5   534.396  0.279892   3015.26  338.211   0.04381  0.00492981
105.3   649.577  0.386692   2099.41  275.786   0.0437975  0.00578151
123.1   759.377  0.0156998   94425  560.563   0.0436403  0.000434748
247.7   1529.62  0.0449225   18943.1  307.89   0.0516575  0.000894993
591.8   3652.51  0.0694799   9186.56  198.821   0.0350018  0.000786102
723.3   4466.53  0.0310532   32544.4  301.109   0.030559  0.000336987
873.2   5391.96  0.0460205   17388.4  232.192   0.0268916  0.000405439
996.3   6151.7  0.0548914   13936.3  219.331   0.0251814  0.000456533
1004.7   6204.12  0.0386814   24196.6  267.147   0.0252236  0.000329741
1274.5   7869.86  0.0302833   40848.9  311.236   0.022083  0.00020125
1596.4   9860.09  0.20102   1604.75  77.7219   0.0170736  0.000835508
