0.170657  1.04433e-06
0.187846  0.00375516
123.1   720.161  0.0200956   113417  644.389   0.0524178  0.000514337
247.7   1450.91  0.0681243   19145.8  409.92   0.0522105  0.00116091
591.8   3465.3  0.105309   8394.12  222.705   0.0319826  0.000869958
723.3   4237.84  0.0438178   30692.5  304.156   0.02882  0.000333869
873.2   5115.86  0.0704272   15999.8  372.327   0.024744  0.000601299
996.3   5836.35  0.0826593   12774  239.772   0.0230814  0.000480472
1004.7   5886.1  0.0592686   21609.8  298.347   0.0225269  0.000348701
1274.5   7466.86  0.0488907   31883.5  550.418   0.0172363  0.000309787
1596.4   9355.44  0.336487   1343.23  78.4102   0.0142912  0.000840215
