0.165723  4.49748e-07
0.26368  0.0011127
42.8   257.558  0.0144994   141939  866.436   0.124757  0.00284384
86.5   521.275  0.0725371   13753.6  394.146   0.199832  0.00600249
105.3   634.052  0.0989336   7766.11  332.066   0.162015  0.0072406
123.1   740.933  0.00656178   354821  950.033   0.163987  0.00138342
247.7   1493.86  0.0258765   38185.4  384.17   0.104131  0.00121979
591.8   3569.13  0.051257   12997.3  221.273   0.0495211  0.000893902
723.3   4363.83  0.0243745   44453.8  342.601   0.0417418  0.000407696
873.2   5267.71  0.0361027   23168.2  256.601   0.0358302  0.000469454
996.3   6010.06  0.0448334   18129.8  241.859   0.0327588  0.000527168
1004.7   6061.27  0.0328848   30353.8  295.401   0.0316421  0.000379323
1274.5   7688.33  0.0260349   49120.9  339.774   0.0265549  0.000226646
1596.4   9632.31  0.158783   1948.3  79.0096   0.0207288  0.000853048
