0.167902  4.37599e-07
0.0373435  0.00109281
42.8   255.518  0.0145187   136718  854.199   0.120168  0.00274391
86.5   515.617  0.0689854   14254.2  384.704   0.207106  0.00589213
105.3   627.398  0.0983945   8529.06  329.777   0.177932  0.00725821
123.1   732.749  0.00633982   386837  990.629   0.178784  0.00150176
247.7   1475.67  0.0243157   42361  398.584   0.115518  0.00128912
591.8   3523.16  0.0493411   14753.8  235.256   0.0562138  0.000957709
723.3   4307.3  0.0229545   50481.9  363.318   0.0474022  0.000444158
873.2   5200.94  0.0346752   26547.3  274.191   0.041056  0.000512256
996.3   5933.48  0.0418973   21086.2  261.284   0.0381007  0.000583503
1004.7   5983.95  0.0308065   35382.6  317.588   0.0368842  0.000419841
1274.5   7590.61  0.0246681   57126.7  364.49   0.0308829  0.00025034
1596.4   9510.23  0.153127   2387.97  87.7971   0.0254067  0.00095089
