0.179431  2.85779e-06
-0.0707217  0.0152572
123.1   686.087  0.14187   6899.09  342.327   0.00318855  0.000160256
247.7   1381.58  0.125925   6711.54  259.948   0.0183023  0.00071733
591.8   3297.89  0.131214   4435.15  163.977   0.0168984  0.000632945
723.3   4031.55  0.0562306   16119.6  230.688   0.0151362  0.000234882
873.2   4866.81  0.0805773   9059.52  186.115   0.0140108  0.000304081
996.3   5552.67  0.0968558   6937.21  166.598   0.0125348  0.00032147
1004.7   5599.91  0.0714911   12468.5  208.696   0.0129977  0.000235812
1274.5   7103.39  0.0537882   21528.8  246.158   0.0116385  0.000145241
1596.4   8899.34  0.402533   1140.49  143.523   0.0121341  0.00152936
