0.180742  2.58444e-06
0.17342  0.0134671
123.1   680.021  0.111131   13133.7  406.773   0.00606997  0.000194168
247.7   1370.46  0.108868   10644.5  318.05   0.0290275  0.000884631
591.8   3272.39  0.127844   5965.91  194.22   0.0227308  0.000752463
723.3   4000.77  0.0531342   21563.2  265.225   0.0202477  0.000277096
873.2   4830.2  0.0807409   11682.3  213.278   0.018067  0.000353253
996.3   5510.86  0.0972088   8793.44  195.298   0.0158888  0.000380757
1004.7   5557.87  0.0675754   15788.4  238.26   0.0164585  0.000273791
1274.5   7050.61  0.0521114   25992.3  270.527   0.0140515  0.000162248
1596.4   8833.96  0.371558   1434.65  167.746   0.0152639  0.00178791
