0.163372  9.81118e-07
0.0827624  0.00503065
123.1   752.273  0.0312284   53169.3  500.494   0.0245732  0.000303565
247.7   1517.14  0.0696209   15896.3  368.051   0.0433489  0.00103682
591.8   3621.37  0.0875647   7879.11  202.61   0.0300203  0.000792702
723.3   4427.97  0.0373691   30320.7  295.327   0.028471  0.000325703
873.2   5344.6  0.0551677   16598.4  275.822   0.0256698  0.000462867
996.3   6098.03  0.0648947   13344.5  216.986   0.0241122  0.000448121
1004.7   6149.98  0.0459088   22924.9  265.004   0.0238979  0.000322954
1274.5   7799.74  0.0354257   37402.3  390.899   0.0202198  0.00023426
1596.4   9771.67  0.216946   1410.63  73.9834   0.0150083  0.00079412
