0.164536  2.19895e-06
-0.00516214  0.0132664
123.1   746.355  0.150281   11505.8  418.306   0.00531763  0.000197953
247.7   1505.7  0.133757   10596.7  428.705   0.028897  0.00118186
591.8   3595.86  0.125919   7098.15  216.051   0.0270448  0.000839019
723.3   4396.56  0.0491076   25000.4  279.868   0.0234752  0.000298161
873.2   5306.9  0.0706709   13697  308.27   0.0211828  0.000499273
996.3   6055.1  0.0835052   11316.2  351.537   0.0204473  0.000661311
1004.7   6106.76  0.0611833   19854.5  395.234   0.0206972  0.000436739
1274.5   7745.71  0.0432832   32413.1  458.107   0.0175226  0.000262695
1596.4   9704.76  0.262176   1275.28  111.607   0.0135682  0.00119123
