0.375033  1.69942e-06
0.154035  0.00231099
42.8   113.885  0.0136756   89695.6  647.208   0.0788383  0.00182254
86.5   230.438  0.0830228   16196.4  602.135   0.235325  0.00900139
105.3   280.537  0.128258   6835.04  465.076   0.142591  0.00987782
123.1   327.776  0.00613603   307554  944.95   0.142142  0.00121811
247.7   660.123  0.0260398   33547.7  423.953   0.0914842  0.0012798
591.8   1576.63  0.0438528   10804.2  221.167   0.0411651  0.000878123
723.3   1928.47  0.0195713   39251.5  339.491   0.0368569  0.000387974
873.2   2328.33  0.0274028   20244.4  254.592   0.0313083  0.000450617
996.3   2656.11  0.0333362   15060.2  232.502   0.0272122  0.000486282
1004.7   2678.77  0.023282   26729.8  282.134   0.0278642  0.000352908
1274.5   3397.67  0.0174086   43265.2  327.139   0.0233893  0.000212022
1596.4   4258.32  0.112922   1781.05  77.0454   0.0189493  0.000830381
