0.165948  1.52001e-06
0.280346  0.00489237
42.8   257.328  0.163329   129362  3835.59   0.113703  0.00419544
86.5   519.39  1.16282   18140.5  3575.5   0.263571  0.0520041
105.3   633.192  2.0907   10509.9  3829.55   0.219255  0.0799422
123.1   739.873  0.026809   321938  1057.52   0.14879  0.00128675
247.7   1493.05  0.118458   33523.3  1083.23   0.0914176  0.00300444
591.8   3564.5  0.244225   10867.4  431.445   0.041406  0.00166252
723.3   4358.53  0.0801625   39387.7  404.182   0.0369848  0.000439639
873.2   5260.9  0.149431   19065.9  592.126   0.0294859  0.000938709
996.3   6001.6  0.244178   12706.5  567.823   0.0229593  0.0010466
1004.7   6054.11  0.123793   20388.6  602.887   0.0212539  0.000645844
1274.5   7677.26  0.0702343   42296.8  759.51   0.0228658  0.000426214
1596.4   9618.65  0.425395   1419.6  140.93   0.0151038  0.00150313
