0.168623  1.8753e-06
0.0932745  0.00927463
123.1   729.064  0.0654985   12699.3  329.111   0.00586922  0.000159187
247.7   1469.48  0.0780549   9171.41  258.498   0.0250103  0.000720715
591.8   3508.25  0.119091   5089.97  166.909   0.0193934  0.000646502
723.3   4288.64  0.0542281   18652.5  245.304   0.0175145  0.000253179
873.2   5177.71  0.0827977   10245.6  200.22   0.015845  0.000328911
996.3   5907.75  0.106486   8106.26  189.778   0.0146472  0.000367375
1004.7   5958.43  0.074079   13134.8  216.437   0.0136923  0.000245136
1274.5   7557.54  0.0618871   20899.5  248.13   0.0112984  0.00014555
1596.4   9470.03  0.430758   863.66  92.0501   0.00918884  0.000981469
