0.135789  4.04108e-07
0.213401  0.00139001
42.8   314.492  0.0217305   131258  768.483   0.115369  0.00262228
86.5   635.687  0.127894   13849.9  453.072   0.20123  0.00682746
105.3   774.147  0.176886   8012.86  383.558   0.167163  0.00829156
123.1   904.687  0.0102034   336677  942.096   0.155602  0.00131876
247.7   1824.11  0.040457   37047.3  407.538   0.101027  0.00126591
591.8   4356.77  0.0736171   12468.3  228.495   0.0475057  0.000916065
723.3   5324.85  0.0334024   43364  341.797   0.0407185  0.000403353
873.2   6429.3  0.0489285   22857.2  263.136   0.0353492  0.00047627
996.3   7335.43  0.0598957   17623.7  255.215   0.0318442  0.00054295
1004.7   7397.83  0.0432258   30303.1  311.446   0.0315892  0.000392814
1274.5   9384.23  0.0328705   49144.8  351.488   0.0265678  0.000231845
1596.4   11754  0.199746   1836.04  80.7645   0.0195344  0.000870099
