0.165289  4.1877e-07
0.163743  0.00101709
42.8   258.614  0.0141273   110318  658.699   0.096964  0.00220687
86.5   523.131  0.0608065   11325.1  332.62   0.164547  0.00505459
105.3   636.299  0.0895917   7203.57  318.493   0.15028  0.00692561
123.1   743.517  0.00597694   322316  903.686   0.148964  0.00126278
247.7   1498.78  0.0231258   35703.5  363.038   0.097363  0.00114951
591.8   3578.57  0.0477497   12124.6  210.574   0.0461962  0.00084884
723.3   4375.98  0.0232377   42300.7  332.672   0.03972  0.000392907
873.2   5282.41  0.0347365   22023.7  248.739   0.0340602  0.000452575
996.3   6027.09  0.0438543   17400.5  234.237   0.0314409  0.000509122
1004.7   6078.39  0.0310474   29396.1  286.275   0.0306437  0.000367519
1274.5   7708.39  0.025442   47997.4  333.223   0.0259476  0.000221997
1596.4   9657.65  0.154899   1832.08  74.0285   0.0194923  0.000799351
