0.39222  4.85215e-06
0.358658  0.0120968
123.1   313.073  0.0458675   15026  399.867   0.00694455  0.000192976
247.7   630.965  0.0533048   9941.89  296.7   0.0271114  0.000825287
591.8   1506.92  0.0664083   4981.6  174.378   0.0189805  0.000674089
723.3   1842.47  0.0272034   20041  260.309   0.0188183  0.000269247
873.2   2226.29  0.0373562   10766.6  198.943   0.0166508  0.000329008
996.3   2539.67  0.0442191   7824.01  176.389   0.0141372  0.000343174
1004.7   2561.34  0.0312233   14329.9  220   0.014938  0.00025205
1274.5   3248.26  0.0227685   24825.6  256.235   0.0134208  0.000153919
1596.4   4069.43  0.145983   1107.26  70.7891   0.0117806  0.000757656
