0.164732  6.99747e-07
0.110296  0.0016253
42.8   259.249  0.0339763   98090.7  1701.11   0.0862171  0.00241269
86.5   525.189  0.108115   11799.3  401.976   0.171437  0.00604085
105.3   638.236  0.141479   7228.3  343.917   0.150796  0.00743773
123.1   746.532  0.00885464   316579  923.035   0.146313  0.00124582
247.7   1504.36  0.0371234   34769.3  399.017   0.0948153  0.00122785
591.8   3590.45  0.079278   11266.4  234.348   0.0429263  0.000929297
723.3   4390.03  0.0366361   39630.8  346.398   0.037213  0.000394526
873.2   5299.77  0.0573519   19329.9  261.877   0.0298941  0.000455866
996.3   6047.26  0.0708983   15869.9  283.726   0.0286753  0.000573958
1004.7   6098.97  0.0512182   23909.3  292.022   0.0249241  0.000350868
1274.5   7735.8  0.0417118   40107.9  341.572   0.0216825  0.000214128
1596.4   9694.02  0.271655   1591.02  87.5563   0.0169275  0.000939054
