0.173635  1.05665e-06
0.279846  0.00368871
42.8   245.232  0.148681   12276.6  890.131   0.0107906  0.000817488
86.5   497.055  0.422611   4941.1  518.564   0.0717914  0.0075621
105.3   604.005  0.40135   1649.18  281.352   0.0344049  0.00588654
123.1   707.291  0.0196993   101749  600.817   0.0470254  0.000467584
247.7   1425.48  0.0627898   17709.1  337.421   0.0482925  0.000964686
591.8   3405.52  0.104504   7831.93  203.115   0.0298405  0.000794332
723.3   4164.41  0.0449598   27882.8  296.333   0.0261817  0.000319535
873.2   5027.2  0.0676204   14614.6  231.946   0.0226018  0.000392051
996.3   5735.51  0.0886531   11441.7  238.572   0.020674  0.000469518
1004.7   5784.84  0.0600156   18525.9  261.963   0.0193121  0.00030471
1274.5   7338.38  0.0470808   31368.1  296.629   0.0169577  0.000181394
1596.4   9194.5  0.325842   1743.23  97.0725   0.0185469  0.00104092
