0.364562  5.43451e-06
0.0572668  0.0148998
123.1   337.439  0.0731501   7586.14  343.016   0.00350608  0.000160994
247.7   679.627  0.0658152   6158.12  246.695   0.0167931  0.000680238
591.8   1623.24  0.0676686   3876.58  154.363   0.0147702  0.000594778
723.3   1983.9  0.0264613   15270.3  224.412   0.0143387  0.000227607
873.2   2395.01  0.0363967   8882.59  177.306   0.0137371  0.00029058
996.3   2732.45  0.0436157   6520.32  155.905   0.0117816  0.000300999
1004.7   2755.67  0.0309884   11922.2  197.737   0.0124282  0.000223736
1274.5   3495.83  0.0218628   21078.4  231.831   0.0113951  0.000137671
1596.4   4380.63  0.138181   941.489  65.7661   0.0100169  0.000703217
