0.175323  1.46381e-06
-0.0662001  0.00675724
123.1   702.296  0.0456319   15652.6  322.214   0.00723415  0.000159768
247.7   1414.17  0.0524737   12030.6  259.959   0.0328073  0.000735727
591.8   3375.3  0.0887129   6366.36  177.092   0.0242565  0.000690257
723.3   4125.52  0.0410071   22876.3  262.958   0.0214807  0.000278529
873.2   4980.41  0.0649146   12529.3  207.496   0.0193769  0.000348385
996.3   5682.75  0.0793798   9617.09  190.134   0.0173771  0.000377475
1004.7   5731.1  0.0576663   17013.4  235.261   0.0177354  0.000274878
1274.5   7270.19  0.0470017   27456.4  268.718   0.014843  0.00016313
1596.4   9109.49  0.351896   907.807  70.8881   0.00965854  0.000757232
