0.16604  5.07502e-07
0.127513  0.00129734
42.8   257.456  0.0181013   110184  813.862   0.0968463  0.00224405
86.5   521.161  0.0905186   12649.5  390.96   0.183791  0.00591636
105.3   633.323  0.126797   7136.45  345.82   0.148879  0.00746954
123.1   740.469  0.00753924   333165  930.21   0.153978  0.00130469
247.7   1492.24  0.0293195   36745.1  383.639   0.100203  0.00120663
591.8   3562.69  0.0576499   12443.4  222.337   0.0474108  0.000893615
723.3   4355.3  0.0271153   42834.1  340.396   0.0402209  0.000400501
873.2   5257.86  0.0408849   22351.6  255.956   0.0345672  0.000463941
996.3   5999.7  0.050868   17883.8  252.061   0.0323142  0.000540384
1004.7   6050.71  0.0358345   29899.5  294.648   0.0311685  0.000376757
1274.5   7674.97  0.0289358   48218.5  338.058   0.0260671  0.00022447
1596.4   9615.59  0.188068   1719.92  75.4809   0.0182989  0.000813225
