0.173624  1.99202e-06
0.0187414  0.0100481
123.1   709.032  0.0768522   9782.97  321.517   0.00452138  0.000152934
247.7   1427.5  0.0772816   8168.87  250.921   0.0222764  0.000697191
591.8   3407.63  0.116191   4864.87  167.367   0.0185357  0.000647314
723.3   4164.88  0.0486931   17767  239.104   0.0166831  0.00024582
873.2   5029.18  0.0750891   9860.03  190.619   0.0152488  0.000313527
996.3   5738.41  0.0969752   7606.71  178.042   0.0137445  0.000344667
1004.7   5787.41  0.0655995   13218.9  213.61   0.0137799  0.000242671
1274.5   7340.46  0.0543562   21874.5  248.391   0.0118254  0.000146722
1596.4   9198.48  0.444246   711.66  82.011   0.00757165  0.000874157
