0.361114  1.62485e-06
0.0334883  0.00239994
42.8   118.312  0.0156155   82336.9  638.156   0.0723703  0.0016855
86.5   239.481  0.0867684   12952.5  519.539   0.188193  0.00773629
105.3   291.89  0.141837   5923.22  396.616   0.123569  0.00842864
123.1   340.792  0.00655349   286376  915.191   0.132354  0.00114019
247.7   686.268  0.0265419   31912.5  405.668   0.0870249  0.00122329
591.8   1637.97  0.0449473   10172  215.974   0.0387563  0.000855112
723.3   2002.97  0.0199747   36882.8  324.488   0.0346327  0.000368803
873.2   2418.19  0.0279135   19431.9  247.048   0.0300518  0.000436149
996.3   2758.9  0.0329114   14958.2  225.618   0.0270279  0.000474725
1004.7   2782.45  0.0234335   25867.4  275.292   0.0269653  0.000343488
1274.5   3528.96  0.0174782   41860.7  314.953   0.02263  0.000204433
1596.4   4423.32  0.108701   1663.25  76.1035   0.017696  0.000819117
