0.143731  1.08552e-06
0.141445  0.00679158
123.1   855.053  0.0522373   30385.5  435.492   0.0140432  0.000230503
247.7   1724.28  0.0950839   12953.2  377.918   0.0353233  0.00105214
591.8   4116.46  0.107448   6981.66  202.808   0.0266009  0.000789032
723.3   5031.39  0.0446705   27460.1  286.406   0.0257848  0.000310258
873.2   6074.09  0.0641818   15100.8  310.181   0.0233537  0.000506792
996.3   6930.07  0.077057   11960.4  210.482   0.0216112  0.000427169
1004.7   6989.17  0.0548966   20849.9  264.483   0.0217348  0.000314901
1274.5   8866.38  0.0429382   34076.3  507.609   0.0184217  0.000289461
1596.4   11107  0.249625   1405.86  77.6596   0.0149575  0.000832861
