0.165161  1.48558e-06
0.0763718  0.00813366
123.1   743.967  0.0696526   10323.4  304.395   0.00477117  0.000145768
247.7   1499.81  0.0668074   9933.04  253.938   0.0270873  0.000711302
591.8   3581.46  0.0966436   5582.98  162.865   0.0212718  0.000633524
723.3   4379.38  0.040973   20109  244.568   0.0188822  0.000256073
873.2   5286.41  0.0614726   11257.2  191.847   0.0174095  0.000320749
996.3   6031.88  0.0753759   8727.63  175.166   0.0157699  0.000346873
1004.7   6083.1  0.0540723   15360  217.852   0.0160119  0.000253251
1274.5   7715.86  0.0422728   26300.6  257.238   0.0142182  0.000156182
1596.4   9666.02  0.322346   962.382  78.9524   0.0102392  0.00084306
