0.172984  6.00008e-07
-0.0258944  0.00166515
42.8   247.008  0.0239315   128251  1112.39   0.112726  0.00266182
86.5   500.326  0.115316   16118.8  514.525   0.234197  0.00776722
105.3   609.077  0.167967   8715.65  430.944   0.181825  0.00929582
123.1   711.797  0.00928911   365637  995.963   0.168986  0.0014281
247.7   1433.15  0.037187   39788.8  428.127   0.108504  0.00133674
591.8   3420.66  0.0691872   13268.1  242.698   0.0505529  0.000973184
723.3   4181.76  0.0304428   46024.7  359.128   0.0432168  0.000425386
873.2   5048.22  0.0438555   24485.9  273.422   0.0378681  0.000499069
996.3   5759.42  0.0555257   19167.2  271.999   0.0346331  0.000581982
1004.7   5808.3  0.0390234   32097.9  315.418   0.0334601  0.000403698
1274.5   7367.59  0.0295475   51916.8  357.79   0.0280664  0.000238967
1596.4   9229.1  0.184993   2120.96  86.1882   0.0225657  0.000930498
