0.164722  3.9374e-07
0.104148  0.000868675
42.8   259.314  0.0111742   313546  1070.28   0.275584  0.00612517
86.5   525.034  0.0611499   35974.6  711.642   0.522665  0.011359
105.3   638.241  0.0850175   21332.3  607.043   0.445008  0.0139222
123.1   746.6  0.00507321   967642  1613.3   0.447202  0.00365448
247.7   1504.46  0.0206511   105293  686.239   0.287125  0.00254356
591.8   3590.7  0.0437874   35394  406.678   0.134851  0.00174798
723.3   4390.37  0.0211519   121074  607.956   0.113684  0.000889458
873.2   5300.19  0.0327214   59808.4  460.813   0.0924925  0.00096283
996.3   6047.69  0.0411662   49584.6  504.947   0.0895919  0.00121761
1004.7   6099.34  0.0294694   71911.3  505.947   0.0749612  0.000743973
1274.5   7736.38  0.0238924   122199  592.515   0.0660592  0.0004601
1596.4   9694.74  0.160066   4433.53  138.189   0.0471689  0.00150683
