0.135783  2.30495e-07
0.217057  0.000789665
42.8   314.358  0.0120316   373978  1158.42   0.3287  0.0072905
86.5   635.949  0.0777008   41232.9  786.011   0.599061  0.0126285
105.3   774.124  0.104632   23831.6  673.369   0.497147  0.0154625
123.1   904.724  0.00582236   1.02901e+06  1646.02   0.475564  0.00387982
247.7   1824.16  0.0241821   113714  710.989   0.310088  0.0026871
591.8   4356.94  0.042381   37892.7  398.094   0.144372  0.00174667
723.3   5325.04  0.0191322   132201  597.519   0.124132  0.000932466
873.2   6429.59  0.028123   69274.1  461.059   0.107131  0.00103478
996.3   7335.79  0.0341462   53258  444.166   0.0962291  0.00118074
1004.7   7398.16  0.02464   91360.1  536.963   0.0952349  0.000870471
1274.5   9384.59  0.0188002   148837  612.351   0.0804593  0.000520983
1596.4   11754.6  0.113382   5758.6  141.027   0.0612665  0.00156049
