0.157949  2.52063e-07
0.157129  0.000654732
42.8   270.031  0.00876586   351758  1059.84   0.30917  0.00685373
86.5   547.181  0.046136   39020.5  674.985   0.566918  0.0110546
105.3   665.243  0.0669914   22457  576.323   0.468471  0.0134771
123.1   778.303  0.00407433   1.02885e+06  1625.92   0.475489  0.00387742
247.7   1568.11  0.016203   111881  661.938   0.30509  0.00257081
591.8   3745.38  0.0319147   37859.2  382.612   0.144244  0.00169531
723.3   4578.46  0.0151374   129945  589.402   0.122014  0.000917729
873.2   5527.12  0.0228758   67421.8  443.724   0.104266  0.00100179
996.3   6306.7  0.0275576   53754.4  423.696   0.097126  0.00116197
1004.7   6360.36  0.0202184   88845.3  507.901   0.0926135  0.000837016
1274.5   8067.76  0.0161166   144929  590.826   0.0783471  0.000505439
1596.4   10107.2  0.0967698   5745.08  132.791   0.0611227  0.00147615
