0.180607  5.35137e-07
0.121038  0.00210681
42.8   235.911  0.116424   15692.2  538.143   0.0137923  0.000561671
86.5   477.646  0.559303   10249.5  1634.6   0.148912  0.0237865
105.3   583.492  0.363157   4594.41  525.88   0.0958431  0.0110408
123.1   681.029  0.011148   211680  895.893   0.0978294  0.000885409
247.7   1371.2  0.0296551   52491.7  543.107   0.14314  0.00171201
591.8   3274.87  0.0425802   25958.7  343.253   0.0989029  0.00143613
723.3   4003.43  0.0190355   92511.8  517.262   0.0868655  0.000712417
873.2   4834.47  0.0281652   50764  399.401   0.0785054  0.000826743
996.3   5515.3  0.0354526   40078.5  392.445   0.0724158  0.000963107
1004.7   5562.3  0.0247637   66192.3  452.61   0.0689996  0.000675195
1274.5   7056.45  0.0196795   113384  529.397   0.0612939  0.000419316
1596.4   8840.19  0.132851   4239.55  126.483   0.0451051  0.00138221
