0.166412  2.53385e-07
0.237636  0.000666813
42.8   256.526  0.00914791   279271  949.539   0.245459  0.0054551
86.5   519.089  0.0474903   33365  644.477   0.484751  0.0103299
105.3   632.077  0.0647567   20093.6  560.833   0.419169  0.0129062
123.1   738.079  0.00389895   914442  1542.79   0.422615  0.00345529
247.7   1487.9  0.014947   103873  634.554   0.283251  0.00242539
591.8   3553.31  0.0294845   36493.7  374.134   0.139041  0.00165163
723.3   4345.56  0.013828   125715  576.394   0.118042  0.000891366
873.2   5246.15  0.0201958   67160.5  435.593   0.103862  0.000991144
996.3   5985.63  0.0245069   52697.6  406.026   0.0952166  0.00112808
1004.7   6036.55  0.0180021   88801.8  495.583   0.0925681  0.000828705
1274.5   7656.75  0.0142015   145398  580.163   0.0786006  0.000502807
1596.4   9591.77  0.0844107   5622.97  129.74   0.0598235  0.00144244
