0.170742  2.76117e-07
0.0853414  0.000699104
42.8   250.131  0.00906739   335287  1055.9   0.294693  0.00653838
86.5   506.288  0.0469026   40135.6  702.926   0.583119  0.0114821
105.3   616.359  0.0658321   24442.3  618.412   0.509885  0.0145038
123.1   720.347  0.00400493   1.08605e+06  1677.64   0.501925  0.00408957
247.7   1451.86  0.0155853   117939  682.648   0.321608  0.00268119
591.8   3464.68  0.0308141   39778.9  398.816   0.151558  0.00177081
723.3   4236.61  0.0142641   134824  602.127   0.126595  0.00094689
873.2   5114.04  0.0211261   70114.3  450.482   0.10843  0.00103026
996.3   5834.7  0.0256808   54534.1  423.503   0.0985348  0.00117131
1004.7   5884.35  0.0187219   92980.6  516.142   0.0969241  0.00086591
1274.5   7462.97  0.0147589   151498  595.743   0.0818979  0.000520959
1596.4   9350.43  0.0899956   5955.46  134.828   0.0633609  0.00150146
