0.361102  9.37943e-07
0.0446759  0.00138028
42.8   118.204  0.00865131   212454  887.509   0.186732  0.00417462
86.5   239.627  0.0515625   45756.5  961.843   0.664783  0.0152013
105.3   291.717  0.078709   16589.9  653.248   0.346077  0.0143507
123.1   340.79  0.00379996   873370  1599.09   0.403633  0.00331256
247.7   686.287  0.0152531   94820.6  682.355   0.258567  0.00242263
591.8   1637.97  0.0258825   29975.7  365.579   0.114208  0.0015523
723.3   2002.97  0.0114142   114409  570.46   0.107426  0.000838074
873.2   2418.26  0.0160976   59185  423.35   0.0915284  0.00091604
996.3   2758.96  0.0189554   45672.7  386.66   0.0825236  0.00101966
1004.7   2782.5  0.0137411   78382.8  477.471   0.0817072  0.000758191
1274.5   3529.05  0.0101061   128579  545.37   0.0695084  0.000455746
1596.4   4423.33  0.0630962   5379.41  131.46   0.0572322  0.00145487
