0.172909  5.2777e-07
0.266534  0.0025452
42.8   244.079  0.215481   9136.27  526.94   0.00803013  0.000495585
86.5   496.406  0.799903   10689.4  1423.87   0.155303  0.0207341
105.3   607.517  0.502025   3199.07  584.067   0.0667352  0.0122149
123.1   710.097  0.0155287   118796  738.622   0.0549021  0.000556271
247.7   1431.79  0.028427   47337.9  524.315   0.129086  0.00162606
591.8   3420.29  0.0396394   25265.8  334.49   0.0962628  0.00139918
723.3   4181.99  0.0176733   90199  505.807   0.0846938  0.000695553
873.2   5048.65  0.0258708   48880.6  387.895   0.0755928  0.000799904
996.3   5760.25  0.0306204   39300.7  371.808   0.0710104  0.000927231
1004.7   5809.22  0.0223226   65684.5  443.685   0.0684703  0.000666055
1274.5   7369.03  0.0171962   111146  522.851   0.0600844  0.000412484
1596.4   9233.33  0.105688   4121.82  119.597   0.0438526  0.00130891
