0.161914  3.67783e-07
0.127522  0.00152723
42.8   263.326  0.0530375   30018.1  519.09   0.0263837  0.00073751
86.5   534.189  0.165532   9774.21  633.634   0.142007  0.00929417
105.3   650.129  0.225578   6777.54  538.705   0.141385  0.0113871
123.1   759.411  0.00898233   290811  986.862   0.1344  0.00116793
247.7   1529.71  0.025685   58231.3  541.79   0.158792  0.00175798
591.8   3652.77  0.0403951   27813  347.374   0.105968  0.0014683
723.3   4466.82  0.0177812   99359.5  524.017   0.0932953  0.00074528
873.2   5392.33  0.0260008   53860.8  404.781   0.0832946  0.000855465
996.3   6152.1  0.0317001   43499  390.868   0.078596  0.000999569
1004.7   6204.53  0.022424   73219.4  462.854   0.0763248  0.000719889
1274.5   7870.43  0.0176669   124473  545.72   0.0672885  0.000447464
1596.4   9860.58  0.111287   4939.15  129.736   0.0525483  0.00142845
