0.16528  2.44512e-07
0.163627  0.000581939
42.8   258.585  0.00773429   326661  993.188   0.287111  0.0063658
86.5   523.079  0.0365225   34925.8  589.328   0.507426  0.00970396
105.3   636.436  0.051876   21693.5  536.055   0.452543  0.0126356
123.1   743.559  0.00342161   982348  1579.2   0.453998  0.00370459
247.7   1498.89  0.0134003   108933  636.976   0.29705  0.00248871
591.8   3578.85  0.0280239   37227  371.521   0.141835  0.00165162
723.3   4376.24  0.0133339   128683  580.469   0.120829  0.000907003
873.2   5282.69  0.0201427   67167.5  434.843   0.103873  0.000990412
996.3   6027.43  0.024988   52761.4  408.353   0.0953318  0.00113161
1004.7   6078.75  0.0180567   90566.2  504.316   0.0944073  0.000844446
1274.5   7708.83  0.0146896   145498  581.433   0.0786543  0.000503445
1596.4   9658.18  0.0899364   5647.41  133.124   0.0600835  0.00147745
