0.392222  3.12836e-06
0.34906  0.00766656
123.1   313.066  0.0267462   46374.3  710.494   0.0214322  0.000370428
247.7   630.998  0.0303876   28616.7  489.763   0.0780352  0.00141524
591.8   1506.95  0.0384422   15792.7  316.21   0.0601702  0.00125769
723.3   1842.47  0.0156163   61118.6  456.854   0.0573883  0.000550072
873.2   2226.31  0.0213697   33232.8  340.683   0.0513938  0.00063797
996.3   2539.73  0.025856   24701.6  323.381   0.044632  0.000709056
1004.7   2561.37  0.0180209   43630.8  379.772   0.0454813  0.000508015
1274.5   3248.26  0.0131395   77205.8  443.182   0.0417366  0.000317721
1596.4   4069.09  0.0979704   3551.67  130.96   0.0377867  0.00141819
