0.143724  5.97032e-07
0.146252  0.00376777
42.8   294.82  0.693706   12436.8  2160.36   0.0109311  0.00191392
86.5   593.5  10.9882   20666.8  7782.99   0.300263  0.113109
105.3   730.647  0.826651   1944.15  490.634   0.0405564  0.0102486
123.1   854.942  0.0294562   94887.9  742.627   0.043853  0.000490785
247.7   1724.38  0.0500647   40051  549.47   0.109216  0.00163538
591.8   4116.7  0.0583098   22373  336.733   0.0852412  0.00138114
723.3   5031.59  0.0254942   83733.4  499.386   0.0786229  0.000665139
873.2   6074.4  0.0361988   45863.3  394.854   0.0709266  0.000787002
996.3   6930.44  0.0430982   36847.6  393.463   0.066578  0.000929764
1004.7   6989.41  0.0311887   63693.3  469.406   0.0663947  0.000674858
1274.5   8866.7  0.0230195   107568  535.281   0.0581498  0.000410205
1596.4   11107.6  0.13993   4166.4  129.103   0.0443268  0.00140816
