0.167311  4.71136e-07
0.262284  0.00149306
42.8   254.829  0.022907   313995  1467.17   0.275979  0.00619683
86.5   516.244  0.113317   45008.1  1129.31   0.653909  0.0174309
105.3   628.587  0.178041   22848  941.903   0.476627  0.0206026
123.1   733.928  0.00864265   1.04927e+06  1764.35   0.484926  0.00396418
247.7   1480.54  0.0371465   115832  900.862   0.315864  0.00310265
591.8   3535.05  0.0611803   39618.4  481.516   0.150947  0.00204596
723.3   4322.79  0.0257915   137307  652.582   0.128927  0.000986846
873.2   5217.77  0.0372136   71580.6  548.281   0.110698  0.00114865
996.3   5953.49  0.0464143   55610.2  593.533   0.100479  0.00140281
1004.7   6004.23  0.0345609   93248.8  648.619   0.0972037  0.000959234
1274.5   7614.98  0.0231971   155942  703.033   0.0843003  0.000567541
1596.4   9540.54  0.138265   6327.92  176.133   0.0673236  0.00193225
