0.167893  2.5093e-07
0.0437973  0.000616544
42.8   255.456  0.00756917   409663  1116.76   0.360064  0.00796858
86.5   515.456  0.0401742   44273.1  696.99   0.64323  0.0116643
105.3   627.496  0.0567667   26129  592.801   0.545071  0.0142526
123.1   732.725  0.00363846   1.18046e+06  1729.95   0.545558  0.00443709
247.7   1475.7  0.0139204   129909  696.056   0.354249  0.00284964
591.8   3523.27  0.0280657   44243.1  408.679   0.168567  0.00185672
723.3   4307.49  0.0132309   153871  634.147   0.14448  0.00105168
873.2   5201.2  0.0198311   81275.2  479.18   0.125691  0.00115033
996.3   5933.75  0.0241535   63925.2  454.615   0.115503  0.0013249
1004.7   5984.22  0.017672   107988  550.064   0.112568  0.000974516
1274.5   7591  0.014223   174777  639.667   0.0944822  0.000585446
1596.4   9510.67  0.085481   7109.95  149.094   0.0756436  0.00167227
