0.170395  6.05441e-07
0.140918  0.00313078
42.8   248.333  0.229199   8231.76  535.823   0.00723513  0.000497034
86.5   503.5  0.929175   12773  1823.83   0.185575  0.0265504
105.3   617.967  0.863451   1652.87  560.115   0.0344802  0.011693
123.1   721.023  0.0202161   83802.7  675.615   0.0387299  0.00043988
247.7   1453.57  0.0354202   39014.9  500.407   0.10639  0.00150649
591.8   3471.62  0.0425151   22413.9  319.76   0.0853971  0.00132165
723.3   4244.33  0.0183767   82129  481.431   0.0771164  0.000646867
873.2   5124.56  0.0264876   45789.5  374.318   0.0708125  0.000762104
996.3   5846.38  0.0323627   36557.9  357.389   0.0660546  0.000877729
1004.7   5896.15  0.0233854   62393.1  438.453   0.0650394  0.000645112
1274.5   7478.08  0.0177878   106414  507.737   0.0575261  0.000397579
1596.4   9369.12  0.110983   4200.86  118.139   0.0446934  0.00129524
