0.165933  8.42843e-07
0.293306  0.00273604
42.8   256.538  0.0566638   292357  3748.08   0.256961  0.00653463
86.5   519.618  0.285469   51282.4  4148.14   0.745066  0.060639
105.3   634.233  0.422903   22599.5  2690.23   0.471444  0.056454
123.1   739.922  0.0152434   982541  1846.27   0.454088  0.00373156
247.7   1493.06  0.105587   103748  1957.78   0.282913  0.00560206
591.8   3564.59  0.188455   32980  868.186   0.125654  0.00339263
723.3   4358.76  0.045455   119883  705.997   0.112566  0.000946364
873.2   5261.28  0.0675782   60872.7  1101.66   0.0941384  0.0018267
996.3   6002.76  0.12573   49969.1  1160.44   0.0902865  0.00224868
1004.7   6054.14  0.0650081   74060.2  1412.27   0.0772013  0.00156822
1274.5   7677.93  0.0400133   129492  1395.97   0.0700017  0.000831864
1596.4   9619.28  0.253574   4570.4  273.011   0.0486251  0.00292447
