0.173635  1.12785e-06
-0.0336398  0.00565495
123.1   708.955  0.0425451   29843.3  542.064   0.0137923  0.000273741
247.7   1427.57  0.0437635   24282.7  416.669   0.0662169  0.00120368
591.8   3407.93  0.0669845   14795.9  283.915   0.0563725  0.00113336
723.3   4165.13  0.0280311   55125.7  420.278   0.0517612  0.000502178
873.2   5029.19  0.0435122   31133.7  328.022   0.0481477  0.000609036
996.3   5738.69  0.0553788   23237.2  303.574   0.0419861  0.000666074
1004.7   5787.57  0.0379115   41037.2  366.497   0.0427776  0.000485409
1274.5   7340.08  0.0314162   75043.9  444.467   0.0405679  0.000314445
1596.4   9193.2  0.251023   3904.09  121.381   0.041536  0.00132371
