0.169176  3.90766e-07
0.240883  0.00161883
42.8   251.821  0.0884049   12870.1  428.635   0.0113119  0.000451279
86.5   511.27  0.257493   6494.62  780.891   0.0943585  0.0113771
105.3   621.245  0.2943   2661.71  380.75   0.0555254  0.00797547
123.1   725.826  0.00920552   166795  775.656   0.0770852  0.000713302
247.7   1464.11  0.0228088   44743.4  477.279   0.122011  0.00149326
591.8   3496.24  0.0348769   22890.6  307.925   0.0872133  0.00128461
723.3   4275.01  0.0160559   82587.4  473.98   0.0775468  0.000643861
873.2   5160.25  0.023981   45278.3  365.439   0.070022  0.00074809
996.3   5887.97  0.0293816   35623.9  343.539   0.0643669  0.000849052
1004.7   5938.07  0.0209648   61243.9  416.7   0.0638414  0.00062321
1274.5   7531.02  0.0166219   104337  496.098   0.0564033  0.000389174
1596.4   9435.96  0.107222   3815.91  114.077   0.0405979  0.00124651
