0.165243  3.46466e-06
0.267454  0.0218513
123.1   743.475  0.281425   42471.2  1906.52   0.0196283  0.000894995
247.7   1498.59  0.252413   26920.2  1095.81   0.0734091  0.00302047
591.8   3579.47  0.195255   16926.9  597.508   0.0644916  0.00230916
723.3   4375.62  0.0829769   67909.4  584.579   0.0637647  0.000669078
873.2   5281.84  0.100015   34094.2  689.792   0.0527261  0.00112879
996.3   6026.33  0.13701   21488.6  707.127   0.0388267  0.00132459
1004.7   6079.24  0.0840846   40995.8  854.396   0.0427346  0.000939528
1274.5   7711.52  0.0567744   83047.8  1525.53   0.0448947  0.00085469
1596.4   9655.53  0.345919   5076.4  149.523   0.0540085  0.00163511
