0.171495  3.57732e-07
0.107982  0.000987987
42.8   249.064  0.0117254   391431  1228.63   0.34404  0.00763273
86.5   504.235  0.0751464   47824.9  891.986   0.694834  0.0143893
105.3   613.277  0.107013   23664.8  734.475   0.493667  0.0166115
123.1   717.13  0.00581509   1.09857e+06  1731.58   0.507713  0.00413979
247.7   1444.26  0.0235171   117610  751.371   0.320713  0.00281086
591.8   3449.25  0.0425018   38900.3  418.611   0.14821  0.00182607
723.3   4216.59  0.0191011   133657  615.58   0.125499  0.000949262
873.2   5091.53  0.0276599   69685.5  472.574   0.107767  0.00105032
996.3   5808.91  0.0343323   54564.6  470.127   0.0985899  0.00122836
1004.7   5858.32  0.0238116   93981.2  546.694   0.0979671  0.000891653
1274.5   7430.98  0.0179708   148713  605.041   0.0803926  0.000518222
1596.4   9309.08  0.109408   5943.48  146.157   0.0632334  0.00161675
