0.38716  3.02281e-06
0.0766511  0.00760145
123.1   317.44  0.0278731   46758.5  689.239   0.0216097  0.000362425
247.7   639.709  0.0308945   28888.5  491.384   0.0787764  0.00142088
591.8   1527.88  0.0377183   16195.9  311.275   0.0617064  0.00124241
723.3   1867.94  0.0149103   63738  451.708   0.0598479  0.000555731
873.2   2255.65  0.0203641   34623.2  340.292   0.0535441  0.000646085
996.3   2573.33  0.024506   27074.5  328.14   0.0489195  0.000738493
1004.7   2595.25  0.0178634   47539.4  407.114   0.0495557  0.000548116
1274.5   3291.46  0.0123316   81840.5  448.435   0.044242  0.000328178
1596.4   4124.5  0.090773   3615.73  128.249   0.0384682  0.00139078
