0.175331  8.30563e-07
-0.0990198  0.00385254
123.1   702.344  0.0261818   47397.5  554.978   0.021905  0.000310636
247.7   1414.24  0.0302383   36735.3  446.148   0.100174  0.00135698
591.8   3375.33  0.0510162   19206.8  301.486   0.0731782  0.00122972
723.3   4125.59  0.0233403   70475.4  460.193   0.066174  0.000586821
873.2   4980.51  0.0365177   38830.9  353.264   0.0600512  0.00068932
996.3   5682.83  0.0455966   29474.5  325.195   0.053256  0.000758274
1004.7   5731.18  0.0326822   51869.4  397.835   0.0540693  0.000561456
1274.5   7269.86  0.0267923   90586.9  470.39   0.0489702  0.000353007
1596.4   9105.38  0.206156   4552.12  125.164   0.0484306  0.00137411
