0.162448  2.28218e-07
0.101404  0.000558801
42.8   263.178  0.00748284   338751  1006.38   0.297738  0.00659861
86.5   532.603  0.0365371   35322.2  595.941   0.513185  0.00981312
105.3   647.443  0.0507191   22855.9  541.62   0.476791  0.0128871
123.1   757.008  0.00334991   998788  1586.66   0.461596  0.00376487
247.7   1525.29  0.0131174   110698  634.996   0.301865  0.00250575
591.8   3641.85  0.0278202   37880.9  374.685   0.144326  0.00166967
723.3   4452.18  0.0128749   130977  580.882   0.122983  0.0009176
873.2   5374.25  0.0195088   68678.2  435.525   0.106209  0.00100319
996.3   6132.36  0.0237331   54460.8  410.577   0.0984023  0.00115528
1004.7   6184.53  0.0173505   91855.4  497.944   0.0957512  0.000847746
1274.5   7844.64  0.0140372   148995  581.655   0.0805448  0.000510937
1596.4   9827.82  0.0878606   5799.2  133.391   0.0616984  0.00148343
