0.162324  2.4918e-07
0.259044  0.00066526
42.8   262.886  0.0087341   342344  1048.19   0.300896  0.00667232
86.5   532.354  0.045097   36844.7  659.018   0.535306  0.0107185
105.3   646.91  0.0639261   22312.4  579.119   0.465454  0.0135115
123.1   756.473  0.00405321   1.00759e+06  1616.47   0.465665  0.00379949
247.7   1525.16  0.0156102   110798  659.486   0.302137  0.00255351
591.8   3643.39  0.0306581   37502.4  381.798   0.142884  0.00168849
723.3   4455.5  0.0142957   130413  585.887   0.122453  0.000917854
873.2   5378.11  0.0214026   68095.1  442.444   0.105308  0.00100577
996.3   6136.15  0.0256185   52853.5  411.221   0.0954982  0.00113613
1004.7   6188.31  0.0186083   90436.2  503.951   0.0942718  0.000843468
1274.5   7849.14  0.0147323   146374  588.006   0.0791279  0.000507515
1596.4   9833.39  0.0862659   5763.31  133.851   0.0613166  0.00148734
