0.164356  1.54932e-06
-0.0854922  0.00932205
123.1   748.287  0.0964278   25297.4  646.007   0.0116913  0.000312864
247.7   1508.23  0.0864149   19825.5  448.787   0.0540625  0.00126606
591.8   3599.6  0.0954744   13035.4  291.566   0.0496649  0.00115014
723.3   4401.68  0.0380568   48966  408.569   0.0459775  0.000472521
873.2   5313.47  0.0524211   27388.5  310.9   0.0423558  0.000564868
996.3   6062.14  0.0619507   21707.3  293.154   0.0392217  0.000636531
1004.7   6113.85  0.0443123   37905.2  355.854   0.0395128  0.000462713
1274.5   7754.83  0.0316289   66534.5  406.566   0.0359678  0.000283985
1596.4   9713.05  0.272226   3189.13  118.005   0.0339296  0.00127774
