0.165708  1.82517e-07
0.265134  0.000582086
42.8   257.503  0.00741591   411813  1121.41   0.361954  0.00801026
86.5   521.378  0.0421172   42538.5  692.087   0.618029  0.0114911
105.3   633.989  0.0562176   24314.9  588.15   0.507229  0.0139289
123.1   740.98  0.00374916   1.08386e+06  1660.13   0.500911  0.00408007
247.7   1493.95  0.014928   116116  669.791   0.316639  0.0026354
591.8   3569.34  0.0294008   39103.2  385.855   0.148983  0.00172055
723.3   4364.1  0.0140203   135291  597.078   0.127034  0.000946185
873.2   5268.01  0.021088   70263.6  447.061   0.108661  0.00102789
996.3   6010.43  0.0254584   55575.8  421.671   0.100417  0.00118205
1004.7   6061.64  0.0186225   93211.5  515.116   0.0971648  0.000866567
1274.5   7688.75  0.0150108   150285  597.119   0.0812421  0.000518849
1596.4   9632.5  0.0125938   5872.15  139.604   0.0624745  0.00154831
