0.173621  5.99011e-07
0.278961  0.00206951
42.8   245.282  0.0549924   40121.5  627.65   0.0352639  0.000950867
86.5   497.045  0.246687   12869.2  865.008   0.186972  0.0126796
105.3   604.775  0.307624   5702.93  564.762   0.118968  0.0118825
123.1   707.341  0.0111742   313067  1053.87   0.144686  0.00125579
247.7   1425.62  0.0356492   55238.8  587.157   0.150631  0.0018386
591.8   3405.63  0.0615457   24030.3  363.669   0.0915556  0.00149051
723.3   4164.79  0.0258968   85257.5  518.872   0.080054  0.000684163
873.2   5027.52  0.0380923   44947.2  405.293   0.06951  0.000793474
996.3   5736.27  0.0496604   36435.5  441.727   0.0658334  0.000994019
1004.7   5785.29  0.034144   57412.9  460.839   0.0598479  0.000637398
1274.5   7338.94  0.0270064   95473.5  517.783   0.0516119  0.000380714
1596.4   9196.2  0.192181   4463.89  181.102   0.0474918  0.00195524
