0.169525  3.96932e-07
0.00861212  0.00116533
42.8   252.121  0.0156959   327239  1230.5   0.28762  0.00640875
86.5   510.631  0.0930069   42247.8  914.679   0.613807  0.0143916
105.3   621.402  0.140599   22154.6  785.11   0.462162  0.0174452
123.1   726.057  0.00676228   1.04541e+06  1718.62   0.483143  0.00394591
247.7   1462.42  0.0282503   113583  782.93   0.30973  0.0028305
591.8   3490.08  0.0502002   38120.5  436.743   0.145239  0.00187837
723.3   4266.91  0.02133   131186  618.523   0.123179  0.000939963
873.2   5151.05  0.0316479   68636.4  487.504   0.106145  0.00105852
996.3   5877.23  0.0377638   53881.4  474.657   0.0973554  0.00122607
1004.7   5927.34  0.0272753   92147.6  570.804   0.0960558  0.000897858
1274.5   7517.28  0.0198689   148021  625.762   0.0800186  0.000523935
1596.4   9418.03  0.11986   5801.18  147.989   0.0617195  0.00163267
