0.163275  3.24975e-07
0.113734  0.000829474
42.8   261.417  0.01097   327212  1069.58   0.287595  0.00638587
86.5   529.485  0.0617197   37351.2  726.716   0.542664  0.0116331
105.3   644.867  0.0868745   23753  665.812   0.495506  0.0153104
123.1   753.171  0.00496713   1.03115e+06  1659.66   0.476552  0.00388881
247.7   1517.29  0.019323   115306  702.098   0.314429  0.00268788
591.8   3622.26  0.0386539   39719.5  416.662   0.151332  0.00182881
723.3   4429.87  0.0178812   136685  620.62   0.128343  0.000965699
873.2   5347.67  0.026951   71188.2  476.531   0.110091  0.00106629
996.3   6101.51  0.0325522   56491  474.855   0.102071  0.001257
1004.7   6153.41  0.0243101   91323.3  540.695   0.0951965  0.000872773
1274.5   7804.26  0.0193779   152139  626.537   0.0822446  0.000532749
1596.4   9778  0.12556   6086.47  157.851   0.0647547  0.00173949
