0.172528  5.20164e-07
0.17308  0.00248857
42.8   244.874  0.199   14652.8  1004.86   0.0128787  0.000927385
86.5   498.065  0.440934   14297.4  1378.62   0.207723  0.0201166
105.3   609.043  0.681177   2070.76  447.967   0.0431976  0.00936181
123.1   712.268  0.0149457   141170  785.938   0.0652425  0.000635889
247.7   1435.04  0.0287472   51866.7  536.973   0.141436  0.00169241
591.8   3427.73  0.0403655   26456.3  341.912   0.100799  0.00143623
723.3   4191.77  0.0178649   94630.4  516.039   0.0888548  0.000720423
873.2   5061.08  0.0258114   51949.3  396.656   0.0803386  0.000832192
996.3   5773.79  0.0312761   41126  376.288   0.0743085  0.000953687
1004.7   5822.91  0.0223916   70749.5  456.786   0.0737502  0.000702313
1274.5   7385.58  0.0171934   119240  532.326   0.0644599  0.000432074
1596.4   9252.87  0.105165   4815.34  125.915   0.051231  0.00138679
