0.163359  5.47973e-07
0.10383  0.00281526
42.8   258.75  0.182277   12113.5  513.813   0.0106469  0.000508551
86.5   526.867  0.659515   11392.2  1392   0.165514  0.0202787
105.3   643.5  0.353391   3811.82  729.286   0.0795176  0.0152486
123.1   752.257  0.0175682   165429  860.781   0.076454  0.000729624
247.7   1517.06  0.039091   51224.4  579.827   0.139684  0.00178953
591.8   3621.72  0.0496686   26033.1  354.885   0.0991862  0.00147729
723.3   4428.2  0.0217601   93119  518.261   0.0874357  0.000715562
873.2   5344.92  0.0310344   50921.9  404.983   0.0787497  0.00083434
996.3   6098.4  0.0367584   40107.1  387.83   0.0724674  0.0009573
1004.7   6150.36  0.0262572   70385.9  473.329   0.0733711  0.000712201
1274.5   7800.25  0.0196881   115471  532.238   0.0624225  0.000424497
1596.4   9772.95  0.127675   4262.9  123.607   0.0453535  0.00135285
