0.172972  3.37707e-07
-0.0186561  0.000909498
42.8   247.05  0.0106947   397428  1205.09   0.34931  0.00774448
86.5   500.348  0.0666625   49005.6  891.354   0.711989  0.0144489
105.3   608.96  0.0960181   25754  732.936   0.537249  0.0168093
123.1   711.848  0.00530027   1.1188e+06  1741.97   0.517062  0.00421411
247.7   1433.17  0.0209111   121131  743.972   0.330314  0.00283614
591.8   3420.79  0.0389587   40531.9  423.966   0.154427  0.00186219
723.3   4182  0.0173218   140918  625.998   0.132317  0.000987815
873.2   5048.47  0.0252707   74068.7  477.488   0.114546  0.00109004
996.3   5759.76  0.0309798   57226.5  457.78   0.103399  0.00124506
1004.7   5808.7  0.0222276   97465.9  552.581   0.1016  0.000915203
1274.5   7368.06  0.0169516   158593  624.403   0.0857335  0.000545612
1596.4   9229.77  0.103979   6406.6  151.619   0.0681606  0.00168217
