0.17483  2.64955e-07
0.156542  0.00067251
42.8   243.95  0.00864493   311502  999.865   0.273788  0.00607694
86.5   494.298  0.0442467   36493.1  656.522   0.530198  0.0106654
105.3   601.853  0.0613968   22566.8  581.302   0.470761  0.0135832
123.1   703.245  0.00376142   1.00613e+06  1614   0.464989  0.00379396
247.7   1416.38  0.0146712   111242  657.873   0.303347  0.00255558
591.8   3382.04  0.0279422   38248.9  379.992   0.145729  0.00169132
723.3   4134.75  0.0132111   133128  593.145   0.125003  0.000934192
873.2   4994.41  0.0192527   70214.3  445.67   0.108585  0.00102604
996.3   5697.96  0.0235167   54552.6  415.074   0.0985682  0.00116165
1004.7   5746.46  0.0169409   93243.1  507.928   0.0971977  0.000862126
1274.5   7289.39  0.0133644   151567  590.022   0.0819352  0.000519201
1596.4   9132.67  0.0787817   6023.42  134.622   0.0640839  0.00150086
