0.1691  4.0003e-07
0.0484521  0.000904314
42.8   252.91  0.0111895   320501  1087.26   0.281698  0.00626014
86.5   511.54  0.0633095   37172.5  719.068   0.540068  0.0115225
105.3   622.276  0.0903721   21875.1  631.795   0.456332  0.0144533
123.1   727.664  0.00520643   986182  1636.95   0.45577  0.00372382
247.7   1464.68  0.0205776   109549  695.087   0.298731  0.0026087
591.8   3498.18  0.0440403   36277.9  408.307   0.138219  0.0017629
723.3   4277.1  0.0204154   128079  618.375   0.120262  0.000926177
873.2   5163.22  0.0308696   65229.3  473.54   0.100876  0.00101731
996.3   5891.37  0.0389739   53701.3  521.013   0.0970301  0.00128406
1004.7   5941.49  0.0286517   76319.4  514.869   0.0795563  0.000773424
1274.5   7536.64  0.0227336   129461  600.762   0.0699851  0.00047741
1596.4   9444.15  0.147409   4816.42  139.676   0.0512425  0.00152871
