0.172023  2.60161e-07
0.22279  0.000670199
42.8   247.992  0.00880455   302167  984.758   0.265583  0.00589671
86.5   502.26  0.0441055   35532.7  644.263   0.516244  0.01045
105.3   610.799  0.0589308   22259.7  560.5   0.464355  0.0131588
123.1   714.173  0.00383305   992222  1603.83   0.458562  0.00374263
247.7   1438.37  0.0148592   110343  655.579   0.300895  0.00254072
591.8   3438.41  0.0292578   37444.7  381.467   0.142665  0.00168673
723.3   4204.26  0.013484   131537  589.689   0.123509  0.000925065
873.2   5075.74  0.0202007   68484  441.895   0.105909  0.00100828
996.3   5790.39  0.0240428   53912.8  410.771   0.0974122  0.00114869
1004.7   5839.64  0.0175401   92325.9  505.155   0.0962417  0.000855071
1274.5   7406.71  0.0139092   149079  585.966   0.0805903  0.000512553
1596.4   9279.65  0.0815823   5954.76  131.932   0.0633534  0.00147203
