0.168879  4.91417e-07
0.0470283  0.00186011
42.8   252.513  0.0941926   17757.9  507.45   0.0156079  0.000562521
86.5   511.924  0.300865   9914.71  968.444   0.144048  0.0141298
105.3   623.468  0.320548   4747.94  535.85   0.0990457  0.0112522
123.1   728.558  0.0103326   262729  956.63   0.121422  0.00106725
247.7   1467.14  0.0287478   56344.3  548.424   0.153646  0.00175681
591.8   3503.24  0.0488261   26366.7  353.275   0.100457  0.00147478
723.3   4282.92  0.021069   94486.7  524.881   0.0887199  0.000725438
873.2   5170.28  0.0321867   50629.1  409.63   0.078297  0.000837671
996.3   5899.17  0.0392758   40254.5  422.23   0.0727337  0.00100525
1004.7   5949.41  0.0282803   64267.6  457.137   0.0669933  0.000668576
1274.5   7546.15  0.0226139   108110  525.38   0.0584428  0.000407496
1596.4   9455.68  0.166411   3404.03  121.127   0.0362159  0.00131338
