0.377667  1.05666e-06
0.03287  0.00154947
42.8   113.261  0.0104186   149591  743.674   0.13148  0.00296067
86.5   233.216  8.16532   268612  3.1558e+08   3.90259  4584.97
105.3   278.851  0.0821802   18930.1  760.141   0.394897  0.0166674
123.1   325.838  0.00399006   918965  1652.75   0.424705  0.00348244
247.7   656.258  0.0163113   98286.2  716.768   0.268018  0.00253107
591.8   1566.79  0.0270722   31692.1  382.62   0.120747  0.00162789
723.3   1915.06  0.0115281   119792  592.74   0.112481  0.000874776
873.2   2311.9  0.0163563   62510.1  438.003   0.0966706  0.000957463
996.3   2637.83  0.0197977   46326.1  395.702   0.0837042  0.00103861
1004.7   2660.37  0.0141474   80927.7  489.896   0.08436  0.000780706
1274.5   3374.49  0.010123   136226  561.699   0.0736422  0.000477264
1596.4   4228.77  0.0624517   5795  138.416   0.0616537  0.00153456
