0.166027  2.86882e-07
0.124696  0.000720737
42.8   257.463  0.00912616   338535  1043.24   0.297548  0.0065989
86.5   521.168  0.0488114   37677.5  674.949   0.547405  0.0109742
105.3   633.358  0.0696323   22806  592.005   0.475752  0.0138118
123.1   740.528  0.00428198   1.01784e+06  1624.71   0.470403  0.0038374
247.7   1492.37  0.0164823   112658  669.408   0.307209  0.00259417
591.8   3563  0.0327079   38291.3  388.106   0.14589  0.00171835
723.3   4355.59  0.0154913   130568  593.697   0.122599  0.000922965
873.2   5258.28  0.0229021   68861.5  447.454   0.106493  0.00101712
996.3   6000.2  0.0281864   53950  429.217   0.0974795  0.00117095
1004.7   6051.3  0.0205451   90952.5  515.183   0.0948099  0.000853734
1274.5   7675.59  0.0165597   147857  593.851   0.0799299  0.00051262
1596.4   9616.19  0.109249   5526.42  138.702   0.0587962  0.00153199
