0.167695  2.57773e-07
0.0565314  0.000693067
42.8   254.688  0.0093057   327116  1041.04   0.287511  0.00638039
86.5   515.741  0.0477541   40590.2  692.21   0.589724  0.0113715
105.3   627.333  0.0665359   23578  592.58   0.491855  0.0139175
123.1   733.692  0.00404877   1.08626e+06  1675.89   0.502024  0.00409019
247.7   1477.64  0.015626   120398  686.08   0.328315  0.00271674
591.8   3528.11  0.0303323   40633.2  401.084   0.154813  0.0017883
723.3   4313.28  0.0139795   142339  614.73   0.133652  0.000988044
873.2   5207.17  0.0203877   75547.7  464.174   0.116833  0.00108818
996.3   5941.19  0.0246768   58252.7  434.993   0.105254  0.00123089
1004.7   5991.74  0.0180097   99520.1  529.249   0.103741  0.000911984
1274.5   7598.84  0.0140088   161961  611.731   0.0875544  0.000548638
1596.4   9520.53  0.0826595   6318.29  136.758   0.0672211  0.00152918
