0.170651  5.71275e-07
0.191088  0.00203838
42.8   249.489  0.047023   52487.9  668.111   0.0461331  0.00117106
86.5   504.744  0.252454   15381  944.5   0.223467  0.013869
105.3   616.272  0.269803   6773.08  552.521   0.141292  0.0116715
123.1   720.134  0.0113146   349738  1107.08   0.161633  0.00139061
247.7   1450.99  0.0364901   59038.6  609.212   0.160993  0.00192169
591.8   3465.56  0.0586685   25565.1  367.122   0.0974034  0.00151592
723.3   4238.11  0.0255614   91711.9  531.157   0.0861144  0.000718127
873.2   5116.08  0.037843   48975.8  422.135   0.0757401  0.000840994
996.3   5836.95  0.0480553   39906.6  479.751   0.0721052  0.00108284
1004.7   5886.77  0.0343822   59776.1  469.282   0.0623113  0.000655404
1274.5   7466.62  0.0262515   103970  535.665   0.0562051  0.00040352
1596.4   9356.61  0.189543   3687.32  130.964   0.0392298  0.00142014
