0.162199  3.75157e-07
0.0507886  0.00171516
42.8   262.423  0.108074   11977.8  433.287   0.0105277  0.000445522
86.5   531.916  0.672673   8819.77  1416.33   0.12814  0.0206097
105.3   648.898  0.287153   2732.72  411.457   0.0570066  0.00861525
123.1   758.227  0.0104994   151014  752.561   0.0697922  0.000657804
247.7   1528.06  0.0241582   44892  475.288   0.122416  0.00148973
591.8   3647.57  0.0380833   22371.5  304.917   0.0852355  0.00126932
723.3   4459.89  0.0167876   79853.8  465.74   0.0749801  0.000627404
873.2   5383.62  0.0248852   43724.4  356.496   0.067619  0.00072663
996.3   6142.44  0.0297819   34640.5  334.981   0.0625902  0.000826837
1004.7   6194.73  0.0216188   59443.5  408.887   0.0619647  0.000608122
1274.5   7856.31  0.0169945   100323  484.085   0.0542333  0.000376846
1596.4   9841.14  0.104849   3734.55  110.457   0.0397323  0.00120763
