0.164344  4.28721e-07
0.108579  0.00176849
42.8   259.507  0.0564353   30007.8  522.462   0.0263747  0.000739191
86.5   525.922  0.289502   10729.3  943.313   0.155884  0.0137767
105.3   639.887  0.256993   6174.28  525.029   0.1288  0.0110798
123.1   748.448  0.0102276   269092  970.131   0.124362  0.00109126
247.7   1507.43  0.0309884   51238.3  536.457   0.139722  0.00168606
591.8   3598.37  0.0466239   24517.1  338.925   0.0934104  0.00140769
723.3   4400.13  0.0201053   87074.7  495.732   0.0817603  0.000676253
873.2   5311.8  0.0292026   47783.5  383.977   0.0738963  0.000787519
996.3   6061.09  0.0357996   37658.4  370.829   0.0680431  0.000907723
1004.7   6112.66  0.0254387   64810  439.273   0.0675588  0.000658271
1274.5   7754.95  0.0197657   109269  513.613   0.0590698  0.000405367
1596.4   9716.89  0.137005   4032.92  124.392   0.0429067  0.00135707
