0.13923  2.69914e-07
0.0806583  0.000805549
42.8   307.048  0.0129468   300308  1046.88   0.263949  0.00586954
86.5   621.427  0.0675668   34669.2  680.086   0.503699  0.0108711
105.3   756.047  0.0903522   22333.8  601.105   0.4659  0.0139256
123.1   883.395  0.00560427   970523  1605.21   0.448533  0.00366415
247.7   1780.64  0.0222968   107980  680.668   0.294452  0.00256251
591.8   4250.25  0.0433347   36408.1  395.344   0.138715  0.00172091
723.3   5194.74  0.0202198   124938  590.511   0.117313  0.000896036
873.2   6270.7  0.0304639   65312.2  461.853   0.101004  0.00100501
996.3   7154.22  0.0377368   51089.3  466.186   0.0923106  0.0011831
1004.7   7215.14  0.0280133   82883.1  527.623   0.0863984  0.000817478
1274.5   9153.38  0.0221151   136341  602.326   0.0737045  0.000491763
1596.4   11468.2  0.144243   5334.31  147.314   0.0567524  0.00161685
