0.167882  3.25109e-07
0.113798  0.000795257
42.8   254.586  0.010493   292253  998.565   0.256869  0.00570934
86.5   515.338  0.0583222   36963.1  736.943   0.537025  0.0117472
105.3   626.479  0.0785098   21243.8  607.183   0.443163  0.013915
123.1   732.41  0.00459304   972282  1606.7   0.449346  0.00367066
247.7   1475.79  0.0178306   109918  678.604   0.299738  0.00258044
591.8   3523.68  0.0359757   37719.9  398.743   0.143713  0.00174686
723.3   4308.41  0.0166688   129163  596.252   0.12128  0.000918129
873.2   5201.18  0.0255745   67247  454.535   0.103996  0.00101196
996.3   5934.07  0.0311939   54361.7  447.904   0.0982232  0.00119851
1004.7   5984.44  0.022871   87727  519.545   0.0914477  0.000838499
1274.5   7589.95  0.0184583   143569  598.23   0.0776118  0.000505149
1596.4   9509.48  0.12665   5114.23  139.343   0.0544109  0.00153063
