0.164523  1.20058e-06
0.0230813  0.0073023
42.8   254.423  0.436148   6584.02  607.984   0.00578688  0.000549281
86.5   522.539  7.57365   297895  1.13944e+09   4.32804  16554.6
105.3   644.5  2.44935   -227.583  420.35   -0.00474757  0.00876905
123.1   746.151  0.0842437   36095.4  720.944   0.0166817  0.000358921
247.7   1505.75  0.067981   31362.9  567.753   0.0855239  0.00163104
591.8   3595.64  0.0811289   20811.6  368.074   0.0792925  0.00148087
723.3   4396.74  0.0283419   76748.5  488.225   0.0720643  0.000630169
873.2   5307.28  0.039202   43142  395.84   0.0667183  0.00076997
996.3   6055.49  0.0473029   34717.1  388.837   0.0627284  0.000901292
1004.7   6107.02  0.0331023   59557.2  467.578   0.0620832  0.000653016
1274.5   7746.13  0.0236012   100966  520   0.0545809  0.000391788
1596.4   9705.37  0.143846   3944.16  129.397   0.0419625  0.00140766
