0.162895  2.49616e-07
0.116694  0.000695846
42.8   262.373  0.00998126   270646  951.97   0.237878  0.00529097
86.5   530.819  0.0500507   32920.6  659.858   0.478293  0.010509
105.3   645.703  0.0789185   20461.2  574.003   0.426837  0.0131974
123.1   754.846  0.00417177   915970  1552.77   0.423321  0.00346177
247.7   1520.69  0.0161086   105154  647.373   0.286746  0.00246504
591.8   3630.48  0.0313021   37291.5  381.261   0.142081  0.00168428
723.3   4440.22  0.01441   128640  585.154   0.120789  0.000909463
873.2   5360.13  0.0211357   68462.5  442.44   0.105876  0.00100868
996.3   6115.65  0.0259051   53929.5  422.088   0.0974424  0.00116221
1004.7   6167.76  0.0184847   91320.4  505.646   0.0951935  0.00084962
1274.5   7822.56  0.0145672   149490  590.14   0.0808124  0.000514822
1596.4   9801  0.0886751   5925.65  135.612   0.0630437  0.00150878
