0.366489  9.36411e-07
0.0879128  0.0013352
42.8   116.611  0.00808968   212834  856.782   0.187066  0.00417687
86.5   235.978  0.0505999   47495  999.595   0.690041  0.015795
105.3   287.306  0.0731295   17388.1  664.038   0.362729  0.014633
123.1   335.615  0.00363175   875213  1599.56   0.404485  0.00331925
247.7   675.983  0.0144785   94661.8  681.65   0.258134  0.00241949
591.8   1614.12  0.0253895   30329.2  370.314   0.115555  0.00157205
723.3   1973.47  0.0109238   113935  571.008   0.106981  0.000836352
873.2   2382.55  0.0155921   59656.3  422.789   0.0922573  0.000918999
996.3   2718.05  0.0185613   45803.9  385.713   0.0827606  0.00102005
1004.7   2741.17  0.013377   78678  476.544   0.0820149  0.000759185
1274.5   3477.2  0.0098762   128810  545.374   0.069633  0.000456223
1596.4   4359.46  0.0632742   5380.19  135.166   0.0572405  0.00149283
