0.171036  2.7384e-07
0.0992583  0.000672433
42.8   250.033  0.00860332   336444  1039.97   0.295711  0.00655853
86.5   505.634  0.045011   39380.3  696.181   0.572144  0.0113499
105.3   615.059  0.0612976   24204.9  583.597   0.504934  0.0138312
123.1   719.04  0.00384137   1.07697e+06  1671.33   0.497729  0.00405606
247.7   1448.2  0.0146345   121378  686.572   0.330987  0.0027293
591.8   3458.21  0.0295177   41790.1  405.974   0.159221  0.001818
723.3   4228.78  0.0137652   146241  624.504   0.137316  0.00101126
873.2   5104.7  0.0206111   75801.4  466.566   0.117225  0.00109268
996.3   5824  0.0252362   60015.8  442.639   0.10844  0.0012618
1004.7   5873.59  0.0184216   101110  540.095   0.105399  0.000928066
1274.5   7451.08  0.0148904   165193  626.943   0.0893014  0.000560566
1596.4   9336.03  0.0927103   6585.27  144.094   0.0700615  0.00160957
