0.173129  6.71828e-07
0.134552  0.00309634
42.8   245.625  0.141819   13101.1  520.936   0.0115149  0.000523065
86.5   496.814  0.661824   13717.5  1611.47   0.199297  0.0234812
105.3   606.274  0.576231   3088.11  600.607   0.0644205  0.0125571
123.1   710.13  0.0176147   151577  830.633   0.0700524  0.00067929
247.7   1430.84  0.0462823   36487  525.241   0.0994968  0.00155172
591.8   3416.6  0.0571916   19859.4  319.263   0.0756643  0.00129835
723.3   4177.27  0.024703   70090.2  463.216   0.0658124  0.000587454
873.2   5042.82  0.0357546   38303.5  362.3   0.0592356  0.000697035
996.3   5753.75  0.0433   30918  354.897   0.0558642  0.00081485
1004.7   5802.8  0.030896   51396.4  412.227   0.0535763  0.000570352
1274.5   7360.55  0.0232186   89638.6  480.033   0.0484576  0.000355026
1596.4   9221.54  0.164621   3115.62  117.024   0.0331475  0.00126647
