0.375021  9.89046e-07
0.148697  0.00132947
42.8   113.897  0.0075652   240981  899.237   0.211805  0.00471841
86.5   230.631  0.0480969   57115  1111.76   0.829807  0.0177954
105.3   280.651  0.0721139   20012.2  724.378   0.41747  0.0160561
123.1   327.797  0.00355091   940187  1655.24   0.434513  0.00355929
247.7   660.163  0.0146104   100521  708.396   0.274112  0.00253703
591.8   1576.66  0.0256108   31423.1  378.55   0.119722  0.00161127
723.3   1928.52  0.0113674   120022  594.314   0.112696  0.000876714
873.2   2328.42  0.0158496   62082.2  438.925   0.0960088  0.000955208
996.3   2656.26  0.0188881   45792.8  396.127   0.0827406  0.00103287
1004.7   2678.9  0.0135127   80454.1  486.604   0.0838663  0.000775847
1274.5   3397.79  0.0100573   133926  565.884   0.0723989  0.000473942
1596.4   4258.24  0.0649022   5760.39  138.733   0.0612855  0.00153708
