Clover0
0.0125331  0  0  0
0.0125331  0  0  0
0.0125331  0  0  0
0.0125331  0  0  0
0.0125331  0  0  0
0.0125331  0  0  0
0.0125331  0  0  0
0.0125331  0  0  0
0.0125331  0  0  0
0.0125331  0  0  0
0.0125331  0  0  0
0.0125331  0  0  0

Clover1
0.219076  0.0226  0.0045508  2.13326e-05
0.622923  0.00371221  0.0083815  2.89508e-05
0.635795  0.0037125  0.0088238  2.97049e-05
0.628898  0.00371544  0.0090821  3.01365e-05
0.605988  0.00361476  0.0099578  3.1556e-05
0.532444  0.00341958  0.010852  3.29424e-05
0.39068  0.00328729  0.0121655  3.48791e-05
0.382563  0.00318246  0.0121328  3.48322e-05
0.374495  0.00315511  0.0121835  3.49049e-05
0.371409  0.00315318  0.0122443  3.49919e-05
0.338073  0.00289381  0.0123482  3.514e-05
0.333409  0.00283281  0.0123892  3.51983e-05

Clover2
0.347112  0.0228708  0.0135405  3.67974e-05
1.55854  0.00577199  0.0198124  4.45111e-05
1.54958  0.00577293  0.0202614  4.50127e-05
1.51034  0.00570388  0.0204093  4.51767e-05
1.3474  0.00536565  0.0205498  4.53319e-05
1.11318  0.00488992  0.0203807  4.5145e-05
0.740386  0.00444843  0.019993  4.47135e-05
0.726807  0.00431041  0.0199297  4.46427e-05
0.708301  0.00425521  0.0197932  4.44895e-05
0.690055  0.00421871  0.0197757  4.44699e-05
0.619186  0.00384477  0.0194403  4.40912e-05
0.61283  0.00382338  0.0194082  4.40547e-05

Clover3
0.416014  0.0155527  0.0112778  3.35824e-05
1.06569  0.00471032  0.0132619  3.64169e-05
1.03784  0.00465659  0.0133046  3.64755e-05
1.01868  0.00464646  0.0134324  3.66502e-05
0.914245  0.00437729  0.0136397  3.6932e-05
0.7753  0.00408684  0.0141513  3.76182e-05
0.524885  0.00380284  0.0147306  3.83805e-05
0.516459  0.00363604  0.014718  3.8364e-05
0.504318  0.003633  0.0147547  3.84118e-05
0.495893  0.00362315  0.0147608  3.84198e-05
0.447597  0.00325887  0.0147304  3.83802e-05
0.44054  0.00327018  0.0145972  3.82063e-05

Clover4
0.0125331  0  0  0
0.0125331  0  0  0
0.0125331  0  0  0
0.0125331  0  0  0
0.0125331  0  0  0
0.0125331  0  0  0
0.0125331  0  0  0
0.0125331  0  0  0
0.0125331  0  0  0
0.0125331  0  0  0
0.0125331  0  0  0
0.0125331  0  0  0

Clover5
0.431416  0.0134924  0.0113404  3.36755e-05
1.07215  0.00477976  0.0133364  3.6519e-05
1.04927  0.00470154  0.0134141  3.66253e-05
1.01916  0.0046484  0.0134729  3.67054e-05
0.917929  0.0044273  0.0136978  3.70105e-05
0.777821  0.00406904  0.0141509  3.76177e-05
0.530087  0.00383439  0.0147777  3.84418e-05
0.515895  0.00369178  0.0147467  3.84014e-05
0.507209  0.0036197  0.0147778  3.84419e-05
0.49903  0.00362373  0.0148025  3.8474e-05
0.448028  0.00330272  0.0147335  3.83842e-05
0.442672  0.00326893  0.014741  3.8394e-05

Clover6
0.53007  0.0365478  0.0145738  3.81756e-05
1.67495  0.00598356  0.0212321  4.60783e-05
1.66097  0.00596734  0.0217201  4.66048e-05
1.61967  0.00587847  0.0219199  4.68187e-05
1.43488  0.0055417  0.0218911  4.67879e-05
1.16978  0.00502393  0.0215794  4.64536e-05
0.765118  0.00451591  0.0209711  4.57942e-05
0.746603  0.00435406  0.0207956  4.56022e-05
0.725483  0.00429336  0.0207024  4.54999e-05
0.711936  0.00428753  0.0206468  4.54387e-05
0.631417  0.00389733  0.0202337  4.49819e-05
0.622381  0.00384969  0.0202801  4.50334e-05

Clover7
0.216096  0.0194065  0.0045624  2.13598e-05
0.626561  0.00370992  0.0084114  2.90024e-05
0.637519  0.00372799  0.0088345  2.97229e-05
0.638867  0.00372803  0.0091915  3.03175e-05
0.609026  0.00364498  0.0099799  3.1591e-05
0.542048  0.00346303  0.0109333  3.30655e-05
0.384399  0.00324394  0.0120461  3.47075e-05
0.380013  0.0031658  0.0120973  3.47812e-05
0.374268  0.0031126  0.0122127  3.49467e-05
0.369584  0.00313206  0.012176  3.48941e-05
0.339668  0.0028747  0.0123744  3.51773e-05
0.332224  0.00281703  0.0123386  3.51263e-05

Clover8
0.215076  0.018824  0.0045359  2.12977e-05
0.624392  0.00362889  0.008409  2.89983e-05
0.63701  0.00375599  0.0088688  2.97805e-05
0.635142  0.00376138  0.0091696  3.02813e-05
0.603417  0.0036429  0.0099254  3.15046e-05
0.536416  0.00345886  0.0109171  3.3041e-05
0.391735  0.00329743  0.0121104  3.48e-05
0.38186  0.00322114  0.0121053  3.47927e-05
0.37851  0.00317797  0.012178  3.4897e-05
0.367337  0.00312719  0.012171  3.4887e-05
0.337321  0.00285484  0.0123624  3.51602e-05
0.334474  0.00285746  0.0123478  3.51394e-05

Clover9
0.459269  0.0266219  0.0135233  3.6774e-05
1.55884  0.00574269  0.0197719  4.44656e-05
1.55403  0.00575857  0.0203314  4.50904e-05
1.50966  0.00566896  0.0204596  4.52323e-05
1.34292  0.00535726  0.0204539  4.5226e-05
1.11285  0.00491163  0.0204646  4.52378e-05
0.746039  0.00446545  0.0199812  4.47003e-05
0.729713  0.00429604  0.0199884  4.47084e-05
0.7155  0.0042677  0.0199035  4.46133e-05
0.696612  0.00425461  0.0198213  4.45211e-05
0.622502  0.00383932  0.0194724  4.41275e-05
0.622544  0.0038472  0.0194702  4.4125e-05

Clover10
0.428111  0.0141611  0.0113312  3.36618e-05
1.06099  0.00468844  0.0132212  3.6361e-05
1.03861  0.00469992  0.0133223  3.64997e-05
1.01068  0.00458399  0.0133451  3.65309e-05
0.919063  0.00441534  0.0137177  3.70374e-05
0.776967  0.00408216  0.0141521  3.76193e-05
0.528699  0.003816  0.014731  3.8381e-05
0.516197  0.00367187  0.0146716  3.83035e-05
0.508268  0.00365393  0.014775  3.84383e-05
0.496848  0.00360269  0.0147396  3.83922e-05
0.447302  0.00329921  0.0146568  3.82842e-05
0.440828  0.0032468  0.0146943  3.83331e-05

Clover11
0.41004  0.0332335  0.0112708  3.3572e-05
1.06731  0.00471845  0.0132797  3.64413e-05
1.03827  0.00467981  0.0133009  3.64704e-05
1.01521  0.00465126  0.0134072  3.66158e-05
0.91293  0.00436468  0.0136466  3.69413e-05
0.779072  0.00407788  0.0141392  3.76021e-05
0.525579  0.0037935  0.0146923  3.83305e-05
0.519779  0.00370525  0.0147669  3.84277e-05
0.507705  0.00366026  0.0147622  3.84216e-05
0.494059  0.0036317  0.0147097  3.83532e-05
0.448987  0.00329623  0.0147379  3.839e-05
0.44323  0.00327902  0.0146568  3.82842e-05

Clover12
0.562233  0.0398358  0.0156089  3.95081e-05
1.7937  0.00618944  0.0227164  4.76617e-05
1.77657  0.00615881  0.0232452  4.82133e-05
1.73093  0.00609338  0.0233522  4.83241e-05
1.52694  0.00572051  0.0232742  4.82433e-05
1.27112  0.00521167  0.0231749  4.81403e-05
0.84696  0.00474712  0.0226176  4.7558e-05
0.824584  0.00457434  0.022454  4.73857e-05
0.806785  0.00451701  0.0224746  4.74074e-05
0.788966  0.00449924  0.022305  4.72282e-05
0.708788  0.00409962  0.0219382  4.68382e-05
0.703226  0.00408555  0.0219323  4.68319e-05

Clover13
0.202255  0.0180396  0.0044958  2.12033e-05
0.624436  0.00366941  0.0083831  2.89536e-05
0.638581  0.00373434  0.0088203  2.9699e-05
0.636155  0.00374574  0.0091389  3.02306e-05
0.612136  0.00365084  0.0099747  3.15827e-05
0.537049  0.00345683  0.0108756  3.29782e-05
0.38751  0.00326924  0.0121323  3.48315e-05
0.382381  0.00314762  0.0121024  3.47885e-05
0.374559  0.00311575  0.0121853  3.49074e-05
0.367006  0.00314817  0.0121509  3.48581e-05
0.336846  0.00289272  0.0123558  3.51508e-05
0.336493  0.00283704  0.0123563  3.51515e-05

Clover14
0.628835  0.0570679  0.0156216  3.95242e-05
1.77933  0.00613454  0.0226122  4.75523e-05
1.76542  0.00615822  0.0230831  4.80449e-05
1.71608  0.00605422  0.0232145  4.81814e-05
1.52762  0.00568943  0.0232213  4.81885e-05
1.25986  0.00519098  0.0229608  4.79174e-05
0.839021  0.00471655  0.0223327  4.72575e-05
0.819285  0.00456509  0.0221801  4.70958e-05
0.7963  0.00454474  0.0220618  4.697e-05
0.785129  0.0044921  0.0220729  4.69818e-05
0.701517  0.00408981  0.0216231  4.65006e-05
0.70312  0.00406992  0.0216643  4.65449e-05

Clover15
0.562472  0.0363556  0.015639  3.95462e-05
1.78116  0.00613897  0.0225931  4.75322e-05
1.77644  0.00615065  0.0232298  4.81973e-05
1.72919  0.00609576  0.0233528  4.83247e-05
1.52399  0.00567204  0.0232238  4.81911e-05
1.25654  0.00519765  0.0229919  4.79499e-05
0.841649  0.00472216  0.0223438  4.72692e-05
0.820442  0.0045928  0.0222384  4.71576e-05
0.797664  0.00452412  0.0222027  4.71197e-05
0.790874  0.00451754  0.0221413  4.70545e-05
0.702288  0.00409691  0.0216704  4.65515e-05
0.695962  0.00407243  0.0216138  4.64906e-05

Crystal0
0.00107335  0  2.27552e-05  0
0.0125331  0  0  0
0.0125331  0  0  0
0.0125331  0  0  0
0.0125331  0  0  0
0.0125331  0  0  0
0.0125331  0  0  0
0.0125331  0  0  0
0.0125331  0  0  0
0.0125331  0  0  0
0.0125331  0  0  0
0.0125331  0  0  0

Crystal1
0.00120016  0  2.37857e-05  0
0.0125331  0  0  0
0.0125331  0  0  0
0.0125331  0  0  0
0.0125331  0  0  0
0.0125331  0  0  0
0.0125331  0  0  0
0.0125331  0  0  0
0.0125331  0  0  0
0.0125331  0  0  0
0.0125331  0  0  0
0.0125331  0  0  0

Crystal2
0.00114025  0  2.36248e-05  0
0.0125331  0  0  0
0.0125331  0  0  0
0.0125331  0  0  0
0.0125331  0  0  0
0.0125331  0  0  0
0.0125331  0  0  0
0.0125331  0  0  0
0.0125331  0  0  0
0.0125331  0  0  0
0.0125331  0  0  0
0.0125331  0  0  0

Crystal3
0.00107395  0  2.28296e-05  0
0.0125331  0  0  0
0.0125331  0  0  0
0.0125331  0  0  0
0.0125331  0  0  0
0.0125331  0  0  0
0.0125331  0  0  0
0.0125331  0  0  0
0.0125331  0  0  0
0.0125331  0  0  0
0.0125331  0  0  0
0.0125331  0  0  0

Crystal4
0.00117629  0.00100844  2.37483e-05  8.4788e-06
0.105145  0.0015291  0.001475  1.2145e-05
0.106608  0.00153574  0.0015644  1.25076e-05
0.105187  0.00154596  0.0016391  1.28027e-05
0.0971399  0.00143635  0.0019111  1.38243e-05
0.0776947  0.00129491  0.0022198  1.4899e-05
0.05474  0.00104421  0.0027674  1.66355e-05
0.0534457  0.00107293  0.0027878  1.66967e-05
0.0501971  0.00102004  0.0027909  1.6706e-05
0.0489927  0.00101592  0.002819  1.67899e-05
0.043657  0.00095966  0.0029354  1.7133e-05
0.0438783  0.000955112  0.0029047  1.70432e-05

Crystal5
0.00107983  0.00155829  2.2862e-05  1.25885e-05
0.201035  0.00211212  0.0027527  1.65913e-05
0.204453  0.00213636  0.0029076  1.70517e-05
0.202558  0.00210109  0.0030319  1.74124e-05
0.183506  0.00198842  0.0033551  1.83169e-05
0.151878  0.00178071  0.0037164  1.9278e-05
0.103982  0.00147456  0.0042389  2.05886e-05
0.0976504  0.00141439  0.0042158  2.05324e-05
0.0960805  0.00141325  0.0042131  2.05258e-05
0.0940219  0.00141497  0.0042118  2.05227e-05
0.0803434  0.00131512  0.0042724  2.06698e-05
0.078991  0.00125258  0.0042912  2.07152e-05

Crystal6
0.00109084  0.00153418  2.27269e-05  1.26127e-05
0.205238  0.00213438  0.0027856  1.66901e-05
0.207566  0.00211119  0.0029389  1.71432e-05
0.200487  0.00207165  0.0030022  1.73269e-05
0.187224  0.00195984  0.0033958  1.84277e-05
0.15423  0.00184352  0.0037435  1.93481e-05
0.100149  0.00143653  0.0041868  2.04617e-05
0.0971516  0.00141129  0.0041965  2.04854e-05
0.0952191  0.00138572  0.0042334  2.05752e-05
0.0936904  0.00137116  0.0042503  2.06163e-05
0.0807812  0.00127433  0.004245  2.06034e-05
0.0787613  0.00127479  0.0042651  2.06521e-05

Crystal7
0.00116582  0.00102293  2.36888e-05  8.47585e-06
0.104221  0.00149955  0.00147  1.21244e-05
0.105858  0.00153155  0.0015664  1.25156e-05
0.103788  0.00152482  0.0016283  1.27605e-05
0.0947572  0.00143349  0.0018779  1.37036e-05
0.0779513  0.00128759  0.0022315  1.49382e-05
0.0545618  0.00105686  0.002763  1.66223e-05
0.0521397  0.00103868  0.0027662  1.66319e-05
0.0513784  0.00103559  0.0028036  1.6744e-05
0.0505373  0.00101662  0.0028389  1.6849e-05
0.0435274  0.000954063  0.0029276  1.71102e-05
0.0434161  0.000959694  0.0029369  1.71374e-05

Crystal8
0.45677  0.00302964  0.0050838  2.25473e-05
0.477727  0.00319227  0.0059506  2.43939e-05
0.464069  0.00313214  0.006  2.44949e-05
0.443501  0.00310763  0.0059765  2.44469e-05
0.372735  0.00281891  0.00601  2.45153e-05
0.288512  0.00244488  0.0060424  2.45813e-05
0.172196  0.00186761  0.0060775  2.46526e-05
0.167146  0.00182822  0.0060871  2.4672e-05
0.159475  0.0017946  0.0060625  2.46221e-05
0.156913  0.00178573  0.006043  2.45825e-05
0.131986  0.00162937  0.005918  2.43269e-05
0.127493  0.00161501  0.0059209  2.43329e-05

Crystal9
0.135412  0.00155911  0.0016914  1.30054e-05
0.295888  0.00252615  0.003987  1.99675e-05
0.303528  0.00255404  0.0042377  2.05857e-05
0.296646  0.00250141  0.0043411  2.08353e-05
0.270158  0.00237576  0.0046889  2.16539e-05
0.212479  0.00210331  0.0049233  2.21885e-05
0.135214  0.00167377  0.0052119  2.28296e-05
0.129711  0.00162577  0.0052081  2.28213e-05
0.124975  0.00160433  0.0051872  2.27754e-05
0.120281  0.0015348  0.005199  2.28013e-05
0.102797  0.00142478  0.0051913  2.27844e-05
0.10343  0.00143253  0.0052157  2.28379e-05

Crystal10
0.134647  0.00154335  0.0016928  1.30108e-05
0.297647  0.0025433  0.0040254  2.00634e-05
0.30452  0.00256369  0.0042412  2.05942e-05
0.298841  0.00255572  0.0043663  2.08957e-05
0.267983  0.00240896  0.0046894  2.1655e-05
0.209817  0.00206543  0.0048834  2.20984e-05
0.133726  0.00163588  0.0052468  2.29059e-05
0.130305  0.00161915  0.0052147  2.28357e-05
0.125535  0.00161808  0.0052052  2.28149e-05
0.12219  0.00157136  0.0052009  2.28055e-05
0.10537  0.00138845  0.005216  2.28386e-05
0.102195  0.00145596  0.0052317  2.28729e-05

Crystal11
0.461387  0.00304086  0.0051369  2.26647e-05
0.479049  0.00320381  0.0059629  2.4419e-05
0.462648  0.00316994  0.005979  2.4452e-05
0.447321  0.00308861  0.0060334  2.4563e-05
0.370866  0.00278789  0.0059983  2.44914e-05
0.288259  0.00244651  0.0060873  2.46725e-05
0.171274  0.00184273  0.006035  2.45662e-05
0.166241  0.00184228  0.0060749  2.46473e-05
0.160195  0.00181231  0.006017  2.45296e-05
0.153782  0.00176921  0.0060145  2.45245e-05
0.129921  0.00161443  0.0059476  2.43877e-05
0.129198  0.00161421  0.0059166  2.43241e-05

Crystal12
0.376052  0.00280699  0.0042754  2.0677e-05
0.383855  0.00280681  0.0047734  2.18481e-05
0.370855  0.00275292  0.0047716  2.1844e-05
0.3593  0.00274683  0.0047922  2.18911e-05
0.307175  0.00252936  0.0049047  2.21466e-05
0.241853  0.00224352  0.0051209  2.26294e-05
0.150059  0.00175207  0.0053635  2.31592e-05
0.145098  0.00169352  0.0053491  2.31281e-05
0.139062  0.0016277  0.0053359  2.30996e-05
0.135026  0.00162017  0.0053604  2.31525e-05
0.114928  0.00152073  0.0053053  2.30332e-05
0.114394  0.00152419  0.0052904  2.30009e-05

Crystal13
0.117333  0.00148587  0.0014224  1.19264e-05
0.142436  0.00174155  0.001936  1.3914e-05
0.140304  0.0017362  0.001993  1.41174e-05
0.137131  0.00171621  0.0020742  1.44021e-05
0.119032  0.00158727  0.0023109  1.52016e-05
0.0968603  0.00144733  0.0026785  1.63661e-05
0.0615349  0.0011047  0.0031276  1.7685e-05
0.0592022  0.00110158  0.0031631  1.77851e-05
0.0579034  0.00108784  0.0031833  1.78418e-05
0.0554898  0.00106771  0.0031926  1.78678e-05
0.0483555  0.000984936  0.003282  1.81163e-05
0.0472215  0.000985508  0.0032389  1.79969e-05

Crystal14
0.116471  0.00148749  0.0014294  1.19558e-05
0.143046  0.00172527  0.0019355  1.39122e-05
0.13835  0.00173263  0.0019902  1.41074e-05
0.136403  0.0017047  0.0020872  1.44471e-05
0.120639  0.00161501  0.0023178  1.52243e-05
0.0962053  0.00142088  0.0026748  1.63548e-05
0.0607042  0.00112657  0.0031098  1.76346e-05
0.0606069  0.00110007  0.0031522  1.77544e-05
0.0575327  0.00108715  0.0031986  1.78846e-05
0.0552807  0.00107625  0.0031848  1.7846e-05
0.0483704  0.000983233  0.0032652  1.80699e-05
0.0474195  0.000990672  0.0032545  1.80402e-05

Crystal15
0.377617  0.00277465  0.0043022  2.07417e-05
0.384721  0.00283741  0.0047738  2.1849e-05
0.37136  0.00277806  0.0047616  2.18211e-05
0.359515  0.00275746  0.004811  2.1934e-05
0.306309  0.00252812  0.0048822  2.20957e-05
0.239263  0.00219955  0.005078  2.25344e-05
0.148662  0.00173237  0.0053295  2.30857e-05
0.142293  0.00167986  0.0052957  2.30124e-05
0.139296  0.00164635  0.0053286  2.30838e-05
0.136476  0.00165864  0.0053603  2.31523e-05
0.115578  0.00151976  0.0053091  2.30415e-05
0.111784  0.00149931  0.0052449  2.29017e-05

Crystal16
0.0125331  0  0  0
0.0125331  0  0  0
0.0125331  0  0  0
0.0125331  0  0  0
0.0125331  0  0  0
0.0125331  0  0  0
0.0125331  0  0  0
0.0125331  0  0  0
0.0125331  0  0  0
0.0125331  0  0  0
0.0125331  0  0  0
0.0125331  0  0  0

Crystal17
0.0125331  0  0  0
0.0125331  0  0  0
0.0125331  0  0  0
0.0125331  0  0  0
0.0125331  0  0  0
0.0125331  0  0  0
0.0125331  0  0  0
0.0125331  0  0  0
0.0125331  0  0  0
0.0125331  0  0  0
0.0125331  0  0  0
0.0125331  0  0  0

Crystal18
0.0125331  0  0  0
0.0125331  0  0  0
0.0125331  0  0  0
0.0125331  0  0  0
0.0125331  0  0  0
0.0125331  0  0  0
0.0125331  0  0  0
0.0125331  0  0  0
0.0125331  0  0  0
0.0125331  0  0  0
0.0125331  0  0  0
0.0125331  0  0  0

Crystal19
0.0125331  0  0  0
0.0125331  0  0  0
0.0125331  0  0  0
0.0125331  0  0  0
0.0125331  0  0  0
0.0125331  0  0  0
0.0125331  0  0  0
0.0125331  0  0  0
0.0125331  0  0  0
0.0125331  0  0  0
0.0125331  0  0  0
0.0125331  0  0  0

Crystal20
0.119107  0.00150008  0.001439  1.19958e-05
0.143026  0.00176419  0.0019508  1.39671e-05
0.142047  0.00174009  0.0020263  1.42348e-05
0.136501  0.00173714  0.0020834  1.4434e-05
0.121338  0.00165417  0.0023442  1.53108e-05
0.0970955  0.00141568  0.0026662  1.63285e-05
0.0616304  0.00113983  0.003146  1.7737e-05
0.0615666  0.00110056  0.0031857  1.78485e-05
0.0584821  0.00109762  0.0032093  1.79145e-05
0.0559743  0.00108129  0.0031964  1.78785e-05
0.0495731  0.000979039  0.003297  1.81576e-05
0.0482497  0.000957706  0.0032824  1.81174e-05

Crystal21
0.3776  0.00280336  0.0042996  2.07355e-05
0.384356  0.00286295  0.0047601  2.18177e-05
0.376351  0.00277542  0.0048068  2.19244e-05
0.362023  0.00276291  0.0048364  2.19918e-05
0.309254  0.0025655  0.0049149  2.21696e-05
0.24159  0.002212  0.0050788  2.25362e-05
0.151094  0.00173028  0.005351  2.31322e-05
0.144337  0.0017239  0.0052985  2.30185e-05
0.139363  0.00164568  0.0053334  2.30942e-05
0.136818  0.00167064  0.0053496  2.31292e-05
0.114095  0.00151137  0.0052852  2.29896e-05
0.11365  0.00149626  0.0053097  2.30428e-05

Crystal22
0.379354  0.00278652  0.0043117  2.07646e-05
0.38922  0.00286164  0.0048283  2.19734e-05
0.373054  0.0027979  0.0047869  2.1879e-05
0.358988  0.00273608  0.0048171  2.19479e-05
0.305751  0.00251453  0.0049272  2.21973e-05
0.243185  0.00221507  0.0051242  2.26367e-05
0.151491  0.00175907  0.0053494  2.31288e-05
0.143469  0.00170453  0.0053396  2.31076e-05
0.141036  0.0016889  0.0053436  2.31162e-05
0.136377  0.00164268  0.0053294  2.30855e-05
0.114096  0.00152635  0.0053008  2.30235e-05
0.11283  0.00150418  0.0053495  2.3129e-05

Crystal23
0.118483  0.00149915  0.0014356  1.19817e-05
0.143588  0.00174343  0.001958  1.39929e-05
0.140107  0.00177248  0.002019  1.42092e-05
0.135099  0.00169925  0.0020676  1.43792e-05
0.118751  0.00156621  0.0023081  1.51924e-05
0.0958724  0.00140628  0.002662  1.63156e-05
0.0623506  0.00113805  0.0031412  1.77234e-05
0.0592589  0.00109488  0.0031479  1.77423e-05
0.0573074  0.00104773  0.0031754  1.78197e-05
0.0569055  0.00109351  0.0032452  1.80144e-05
0.04919  0.00102921  0.0033037  1.81761e-05
0.0472227  0.00101754  0.0032608  1.80577e-05

Crystal24
0.147894  0.00162796  0.0018551  1.36202e-05
0.320555  0.00266887  0.0043068  2.07528e-05
0.330343  0.00268406  0.0045937  2.14329e-05
0.325462  0.00265229  0.0047285  2.17451e-05
0.285742  0.00243843  0.0050053  2.23725e-05
0.223738  0.00220447  0.0051817  2.27633e-05
0.139035  0.00169832  0.0054261  2.3294e-05
0.134781  0.00165017  0.0054012  2.32405e-05
0.129917  0.00161139  0.0053771  2.31886e-05
0.12677  0.00159118  0.0054145  2.32691e-05
0.108262  0.00151382  0.0053718  2.31771e-05
0.107973  0.00146734  0.0053997  2.32373e-05

Crystal25
0.491536  0.00314419  0.0054753  2.33994e-05
0.51571  0.0032916  0.0063853  2.52692e-05
0.495608  0.00322601  0.0063952  2.52887e-05
0.473889  0.00319346  0.006399  2.52962e-05
0.398377  0.00285278  0.0064007  2.52996e-05
0.304041  0.00248818  0.0063959  2.52901e-05
0.181052  0.00192008  0.0063441  2.51875e-05
0.171895  0.00184024  0.0062621  2.50242e-05
0.166211  0.0017931  0.0062887  2.50773e-05
0.160683  0.00178023  0.006258  2.5016e-05
0.13486  0.00164611  0.0061503  2.47998e-05
0.132816  0.00163231  0.0060999  2.4698e-05

Crystal26
0.491357  0.00314807  0.0054644  2.33761e-05
0.509625  0.00327097  0.0063464  2.51921e-05
0.492686  0.00324101  0.0063591  2.52173e-05
0.472405  0.00311045  0.0063905  2.52794e-05
0.396851  0.00293214  0.0063787  2.52561e-05
0.30384  0.00251434  0.0063886  2.52757e-05
0.180371  0.00187321  0.0063474  2.5194e-05
0.171971  0.00187331  0.0062893  2.50785e-05
0.166352  0.00179849  0.0062774  2.50547e-05
0.160709  0.00180795  0.0062349  2.49698e-05
0.134354  0.00164167  0.0061134  2.47253e-05
0.133738  0.00164489  0.006168  2.48355e-05

Crystal27
0.148107  0.0016319  0.001848  1.35941e-05
0.320552  0.00264721  0.0043134  2.07687e-05
0.326921  0.00267701  0.0045724  2.13832e-05
0.323783  0.00266633  0.0047151  2.17143e-05
0.286356  0.00252796  0.0049692  2.22917e-05
0.223305  0.00217558  0.0051952  2.2793e-05
0.139186  0.00167504  0.0053997  2.32373e-05
0.137092  0.00165833  0.0054336  2.33101e-05
0.130269  0.001619  0.0053754  2.31849e-05
0.128539  0.0016293  0.0054183  2.32772e-05
0.109548  0.00151307  0.0054023  2.32428e-05
0.105715  0.00147292  0.0054008  2.32396e-05

Crystal28
0.133415  0.00155448  0.0015809  1.25734e-05
0.203611  0.00212184  0.0027781  1.66676e-05
0.206788  0.00210512  0.0029383  1.71415e-05
0.205129  0.00213085  0.0030637  1.75034e-05
0.185376  0.00200187  0.0033755  1.83725e-05
0.153223  0.00179656  0.0037442  1.93499e-05
0.101953  0.0014308  0.0041744  2.04313e-05
0.0975236  0.00143083  0.0041722  2.0426e-05
0.0950055  0.00139093  0.0042227  2.05492e-05
0.0946902  0.00139978  0.0042281  2.05623e-05
0.0802608  0.00129562  0.0042972  2.07297e-05
0.0785659  0.00123647  0.0042621  2.06449e-05

Crystal29
0.0575433  0.00100106  0.0007048  8.39524e-06
0.105093  0.00151821  0.0014705  1.21264e-05
0.107455  0.00153713  0.0015702  1.25308e-05
0.106442  0.00149297  0.0016655  1.29054e-05
0.0981919  0.00147984  0.0019316  1.38982e-05
0.0810368  0.00130517  0.0022613  1.50376e-05
0.0518512  0.00101458  0.0027221  1.64988e-05
0.052656  0.00103597  0.002801  1.67362e-05
0.0509226  0.00100474  0.0028227  1.68009e-05
0.0498564  0.00102829  0.0028069  1.67538e-05
0.0429394  0.000927102  0.002911  1.70617e-05
0.0420971  0.000920939  0.0029243  1.71006e-05

Crystal30
0.0590238  0.00105107  0.000717  8.46759e-06
0.106152  0.00155641  0.0014847  1.21848e-05
0.106586  0.00154448  0.0015585  1.2484e-05
0.106952  0.0015337  0.0016594  1.28818e-05
0.0961579  0.0014378  0.0018906  1.37499e-05
0.0815316  0.00133274  0.002249  1.49967e-05
0.0539691  0.00103505  0.0027552  1.65988e-05
0.0518772  0.00106152  0.002778  1.66673e-05
0.0510795  0.00101878  0.0028124  1.67702e-05
0.0488609  0.00099201  0.0028039  1.67448e-05
0.042305  0.000913985  0.0028956  1.70165e-05
0.0427828  0.000949679  0.0028828  1.69788e-05

Crystal31
0.136849  0.00157444  0.0016178  1.27193e-05
0.203691  0.00207079  0.0027849  1.6688e-05
0.205386  0.00210156  0.0029171  1.70795e-05
0.202701  0.00209175  0.0030314  1.74109e-05
0.185758  0.00203579  0.0033729  1.83655e-05
0.154459  0.00178326  0.0037554  1.93789e-05
0.100522  0.00143076  0.0041652  2.04088e-05
0.0979493  0.00140089  0.0041567  2.0388e-05
0.0941565  0.0013868  0.004224  2.05524e-05
0.0933701  0.00135371  0.0042202  2.05431e-05
0.0824232  0.00127232  0.004294  2.0722e-05
0.0792474  0.00125112  0.0042604  2.06407e-05

Crystal32
0.0569689  0.00100885  0.0007067  8.40655e-06
0.105973  0.00147713  0.0014883  1.21996e-05
0.1063  0.00155283  0.001566  1.2514e-05
0.105991  0.00153822  0.0016513  1.28503e-05
0.0971865  0.00144526  0.0018995  1.37822e-05
0.0802219  0.00131366  0.0022295  1.49315e-05
0.0546344  0.00100887  0.0027686  1.66391e-05
0.0515305  0.00104242  0.0027742  1.66559e-05
0.0505615  0.00103489  0.0028128  1.67714e-05
0.0494716  0.000995966  0.0027992  1.67308e-05
0.0433879  0.000956604  0.0029093  1.70567e-05
0.0430939  0.000922235  0.0029222  1.70944e-05

Crystal33
0.0555896  0.000991201  0.0006912  8.31384e-06
0.105388  0.00147389  0.0014814  1.21713e-05
0.106226  0.0015714  0.0015658  1.25132e-05
0.106118  0.00155351  0.0016493  1.28425e-05
0.0969671  0.00147152  0.0018974  1.37746e-05
0.0798988  0.00130829  0.0022435  1.49783e-05
0.0535384  0.00105383  0.0027547  1.65973e-05
0.0533452  0.00106974  0.0027845  1.66868e-05
0.0527688  0.00106175  0.0028065  1.67526e-05
0.0500857  0.00100087  0.0028345  1.6836e-05
0.0445577  0.000957775  0.002927  1.71085e-05
0.0431003  0.000939343  0.002934  1.71289e-05

Crystal34
0.134771  0.0015722  0.0015955  1.26313e-05
0.202245  0.00209448  0.002765  1.66283e-05
0.206632  0.00215095  0.0029625  1.72119e-05
0.202872  0.00211887  0.0030596  1.74917e-05
0.183954  0.00199311  0.0033596  1.83292e-05
0.153681  0.0018206  0.0037472  1.93577e-05
0.102908  0.00140975  0.0041939  2.0479e-05
0.099187  0.00143931  0.0041836  2.04539e-05
0.0962752  0.00141012  0.0042159  2.05327e-05
0.0912537  0.00135432  0.004216  2.05329e-05
0.0794686  0.00125678  0.0042741  2.06739e-05
0.0788475  0.0012757  0.0042629  2.06468e-05

Crystal35
0.134905  0.00156669  0.0016035  1.26629e-05
0.203701  0.00206057  0.0027743  1.66562e-05
0.206012  0.00212609  0.0029363  1.71356e-05
0.202477  0.00211002  0.0030442  1.74476e-05
0.183553  0.00196889  0.0033351  1.82623e-05
0.152576  0.00180794  0.0037578  1.9385e-05
0.100987  0.00143624  0.004191  2.04719e-05
0.0982837  0.00142117  0.0041932  2.04773e-05
0.0947873  0.00137962  0.0042112  2.05212e-05
0.092441  0.0013887  0.0042175  2.05366e-05
0.0800963  0.00127388  0.0042682  2.06596e-05
0.0789571  0.00126723  0.0042628  2.06465e-05

Crystal36
0.459132  0.00303214  0.0051017  2.25869e-05
0.477256  0.00318946  0.0059417  2.43756e-05
0.46539  0.0031534  0.0060179  2.45314e-05
0.443158  0.00305623  0.0060069  2.4509e-05
0.371904  0.00278818  0.0059821  2.44583e-05
0.285951  0.00243561  0.0060609  2.46189e-05
0.173227  0.00186423  0.006056  2.46089e-05
0.167254  0.00178715  0.0061082  2.47148e-05
0.161064  0.00180017  0.006069  2.46353e-05
0.156763  0.00176868  0.0060598  2.46167e-05
0.130238  0.00163481  0.0059603  2.44137e-05
0.12987  0.00161081  0.0059227  2.43366e-05

Crystal37
0.458903  0.00304651  0.0051239  2.2636e-05
0.477876  0.00317403  0.0059379  2.43678e-05
0.46512  0.00315681  0.0060153  2.45261e-05
0.443312  0.00308181  0.0060004  2.44957e-05
0.374532  0.00281511  0.0059983  2.44914e-05
0.289978  0.00244434  0.0061046  2.47075e-05
0.171879  0.00188587  0.0060648  2.46268e-05
0.168218  0.00181932  0.0060673  2.46319e-05
0.160478  0.00178402  0.0060593  2.46156e-05
0.156065  0.00175738  0.0060436  2.45837e-05
0.129533  0.00157201  0.0059321  2.43559e-05
0.130906  0.00161399  0.0059652  2.44238e-05

Crystal38
0.133985  0.00155442  0.0016847  1.29796e-05
0.297259  0.00253944  0.0040067  2.00167e-05
0.305112  0.00256237  0.0042526  2.06218e-05
0.299197  0.00249662  0.0043755  2.09177e-05
0.266122  0.00240484  0.004646  2.15546e-05
0.213518  0.0021417  0.0049482  2.22445e-05
0.135469  0.00166836  0.0052179  2.28427e-05
0.129549  0.00163103  0.0051903  2.27822e-05
0.127745  0.00160009  0.0052347  2.28795e-05
0.121913  0.00157042  0.0052125  2.28309e-05
0.105861  0.00146028  0.005182  2.2764e-05
0.106039  0.00143819  0.0052672  2.29504e-05

Crystal39
0.134764  0.00156817  0.0016839  1.29765e-05
0.297606  0.00249072  0.004006  2.0015e-05
0.303748  0.00251885  0.00424  2.05913e-05
0.30028  0.00255611  0.004386  2.09428e-05
0.266595  0.00239842  0.0046453  2.1553e-05
0.209211  0.00211627  0.0049297  2.22029e-05
0.135129  0.00160038  0.0052354  2.2881e-05
0.130786  0.00160931  0.0052312  2.28718e-05
0.127221  0.00161933  0.0052297  2.28685e-05
0.122903  0.00157611  0.0052121  2.283e-05
0.106934  0.00147659  0.0052563  2.29266e-05
0.103445  0.00145925  0.0052253  2.28589e-05

Crystal40
0.379987  0.00280629  0.0043203  2.07853e-05
0.380658  0.00282248  0.0047322  2.17536e-05
0.370461  0.0027749  0.004757  2.18105e-05
0.355587  0.00269727  0.0047639  2.18264e-05
0.304877  0.00254841  0.0048819  2.2095e-05
0.240795  0.00221587  0.0051153  2.2617e-05
0.149979  0.00173957  0.0053361  2.31e-05
0.145109  0.00172171  0.0053046  2.30317e-05
0.140522  0.00166203  0.0053489  2.31277e-05
0.13692  0.00164883  0.0053384  2.3105e-05
0.115018  0.00152667  0.0053017  2.30254e-05
0.112435  0.00152005  0.0052812  2.29809e-05

Crystal41
0.375434  0.00279437  0.0042791  2.0686e-05
0.385793  0.00282561  0.004786  2.18769e-05
0.369456  0.00278723  0.0047526  2.18005e-05
0.356513  0.00272876  0.0047719  2.18447e-05
0.308568  0.0025425  0.004938  2.22216e-05
0.240574  0.00220358  0.0050956  2.25734e-05
0.150618  0.00174015  0.0053238  2.30734e-05
0.144066  0.00170684  0.0053224  2.30703e-05
0.141225  0.00171282  0.0053877  2.32114e-05
0.133906  0.00160611  0.0053671  2.3167e-05
0.113598  0.00150441  0.0052689  2.29541e-05
0.114602  0.00151275  0.0053107  2.3045e-05

Crystal42
0.119223  0.00149503  0.0014516  1.20482e-05
0.141638  0.00170195  0.0019295  1.38906e-05
0.141702  0.00175771  0.0020454  1.43017e-05
0.137372  0.00171592  0.0020803  1.44232e-05
0.121912  0.00160467  0.0023505  1.53313e-05
0.0970455  0.00143338  0.0026761  1.63588e-05
0.0615421  0.00113775  0.0031366  1.77104e-05
0.058885  0.00108981  0.0031163  1.7653e-05
0.0578246  0.00109067  0.0031559  1.77649e-05
0.0557597  0.00106927  0.003159  1.77736e-05
0.0482596  0.000974063  0.003249  1.8025e-05
0.0479166  0.00095995  0.0032496  1.80266e-05

Crystal43
0.118109  0.00148014  0.0014307  1.19612e-05
0.140762  0.0016579  0.0019328  1.39025e-05
0.139684  0.00176672  0.0019897  1.41057e-05
0.134754  0.00168827  0.0020627  1.43621e-05
0.12163  0.00160764  0.0023296  1.5263e-05
0.0978817  0.001445  0.0026732  1.63499e-05
0.0625821  0.00111069  0.003144  1.77313e-05
0.0597951  0.00111769  0.0031508  1.77505e-05
0.0570156  0.0010625  0.0031502  1.77488e-05
0.056393  0.00105342  0.0031817  1.78373e-05
0.048254  0.000988059  0.0032855  1.81259e-05
0.047375  0.000991945  0.0032587  1.80519e-05

Crystal44
0.118403  0.00149955  0.0014323  1.19679e-05
0.14089  0.00174185  0.0019183  1.38503e-05
0.139984  0.00174486  0.0020054  1.41612e-05
0.136133  0.00171562  0.0020588  1.43485e-05
0.120257  0.00157408  0.0023247  1.5247e-05
0.0970024  0.00144999  0.0026501  1.62791e-05
0.0624382  0.00113357  0.0031312  1.76952e-05
0.0597523  0.00111309  0.003155  1.77623e-05
0.058241  0.00107813  0.0032012  1.78919e-05
0.0576362  0.00109758  0.0032072  1.79087e-05
0.0488738  0.00102755  0.0032491  1.80253e-05
0.0485789  0.0010153  0.0032685  1.8079e-05

Crystal45
0.118645  0.00149829  0.0014308  1.19616e-05
0.141579  0.00174383  0.0019381  1.39216e-05
0.140159  0.00173233  0.0020042  1.4157e-05
0.135913  0.00172811  0.0020617  1.43586e-05
0.119011  0.00157419  0.0023059  1.51852e-05
0.0960321  0.00140716  0.0026538  1.62905e-05
0.0610178  0.0010985  0.0031024  1.76136e-05
0.0612084  0.0011362  0.0031705  1.78059e-05
0.0585271  0.00108547  0.0031891  1.78581e-05
0.0557697  0.00107802  0.0031885  1.78564e-05
0.0488461  0.000989727  0.0032519  1.8033e-05
0.0477114  0.00100065  0.0032491  1.80253e-05

Crystal46
0.376908  0.00279522  0.0042851  2.07005e-05
0.384329  0.00279139  0.00476  2.18174e-05
0.372778  0.00280492  0.0047676  2.18348e-05
0.361071  0.00276596  0.0048114  2.19349e-05
0.308344  0.00251843  0.0049345  2.22137e-05
0.244057  0.00223335  0.0051224  2.26327e-05
0.14888  0.00171697  0.0053273  2.30809e-05
0.145795  0.00172526  0.0053424  2.31136e-05
0.138527  0.0016745  0.0053245  2.30749e-05
0.134931  0.00164545  0.0053428  2.31145e-05
0.116119  0.00149853  0.0053348  2.30972e-05
0.113975  0.00151039  0.0052842  2.29874e-05

Crystal47
0.37523  0.00280123  0.0042628  2.06465e-05
0.388697  0.00285589  0.0048198  2.1954e-05
0.367486  0.0027859  0.004752  2.17991e-05
0.356297  0.00273246  0.0047979  2.19041e-05
0.303931  0.00251412  0.0048628  2.20518e-05
0.242314  0.00221226  0.0051037  2.25914e-05
0.148728  0.00172913  0.0053199  2.30649e-05
0.146378  0.00171255  0.005331  2.3089e-05
0.140144  0.001675  0.0053479  2.31255e-05
0.134331  0.00165995  0.0052821  2.29828e-05
0.116318  0.00152973  0.0053311  2.30892e-05
0.112551  0.00150696  0.0052881  2.29959e-05

Crystal48
0.160598  0.00170724  0.0019909  1.41099e-05
0.34604  0.00273471  0.004633  2.15244e-05
0.352008  0.00275765  0.0049005  2.21371e-05
0.34444  0.00272192  0.0050153  2.23949e-05
0.307211  0.00253704  0.0053382  2.31045e-05
0.245584  0.00227673  0.0056318  2.37314e-05
0.154033  0.00173618  0.0059155  2.43218e-05
0.148678  0.00172972  0.0058695  2.42271e-05
0.143945  0.00171119  0.0059294  2.43504e-05
0.138664  0.00167034  0.0058715  2.42312e-05
0.123549  0.00154259  0.0058958  2.42813e-05
0.118985  0.00157774  0.0059071  2.43045e-05

Crystal49
0.160473  0.00169577  0.0019934  1.41188e-05
0.346094  0.00270171  0.0046424  2.15462e-05
0.354139  0.00271858  0.0049256  2.21937e-05
0.344783  0.00271013  0.0050157  2.23958e-05
0.306571  0.00259261  0.0053454  2.31201e-05
0.242941  0.00226072  0.0056305  2.37287e-05
0.153986  0.00173829  0.0059096  2.43097e-05
0.147382  0.00174464  0.0059094  2.43093e-05
0.143652  0.00169166  0.0059454  2.43832e-05
0.140094  0.00168351  0.0059216  2.43343e-05
0.120039  0.00155327  0.0058964  2.42825e-05
0.119076  0.00152722  0.0058889  2.42671e-05

Crystal50
0.527179  0.00327127  0.005866  2.42198e-05
0.541014  0.00338929  0.00674  2.59615e-05
0.526855  0.00335741  0.0068162  2.61079e-05
0.507174  0.00328787  0.0068602  2.6192e-05
0.418233  0.00297224  0.0067634  2.60065e-05
0.325838  0.00257345  0.0068521  2.61765e-05
0.195359  0.00196106  0.0068198  2.61147e-05
0.188064  0.00193354  0.0067812  2.60407e-05
0.183761  0.0019254  0.0068413  2.61559e-05
0.17716  0.00187734  0.0067842  2.60465e-05
0.146229  0.00172586  0.0066582  2.58035e-05
0.147154  0.00174075  0.0066995  2.58834e-05

Crystal51
0.522888  0.0032454  0.0058352  2.41562e-05
0.549972  0.00343847  0.0068454  2.61637e-05
0.526051  0.00334137  0.0068355  2.61448e-05
0.506482  0.00331172  0.0068202  2.61155e-05
0.422304  0.00299908  0.0067538  2.59881e-05
0.324959  0.0025859  0.0068508  2.6174e-05
0.197133  0.0019621  0.0069014  2.62705e-05
0.189695  0.00194609  0.0068411  2.61555e-05
0.17968  0.00188943  0.0068137  2.61031e-05
0.175719  0.0018497  0.0067701  2.60194e-05
0.149225  0.0016906  0.0067212  2.59253e-05
0.147163  0.00171929  0.0066688  2.5824e-05

Crystal52
0.133243  0.00156165  0.0015737  1.25447e-05
0.203793  0.00209478  0.0027882  1.66979e-05
0.206455  0.00215416  0.0029178  1.70816e-05
0.2043  0.00213921  0.0030462  1.74534e-05
0.186831  0.00202522  0.0033733  1.83665e-05
0.154498  0.00179673  0.0037667  1.9408e-05
0.100933  0.00143111  0.0041954  2.04827e-05
0.0983561  0.00143224  0.0041917  2.04736e-05
0.0943318  0.00137545  0.0041943  2.048e-05
0.0926228  0.00140807  0.0042501  2.06158e-05
0.0778751  0.00129062  0.0042369  2.05837e-05
0.0800508  0.00125247  0.0042843  2.06986e-05

Crystal53
0.134359  0.00154312  0.0015863  1.25948e-05
0.206662  0.0020977  0.0027962  1.67218e-05
0.205485  0.00210295  0.0029295  1.71158e-05
0.201859  0.00206976  0.0030308  1.74092e-05
0.188181  0.00202209  0.0034011  1.84421e-05
0.153601  0.00181183  0.0037416  1.93432e-05
0.102799  0.00145787  0.0042415  2.05949e-05
0.0991455  0.00140661  0.0042022  2.04993e-05
0.0957988  0.00138406  0.0042467  2.06075e-05
0.0904624  0.00137795  0.0041781  2.04404e-05
0.0813695  0.00130853  0.0042874  2.0706e-05
0.0795505  0.00128987  0.00428  2.06882e-05

Crystal54
0.0556963  0.00101732  0.0007023  8.38033e-06
0.103579  0.00150952  0.0014491  1.20379e-05
0.107304  0.00156185  0.0015652  1.25108e-05
0.105874  0.00146871  0.0016511  1.28495e-05
0.0973711  0.00147916  0.0018996  1.37826e-05
0.0795269  0.00130589  0.0021968  1.48216e-05
0.0537913  0.0010726  0.0027514  1.65873e-05
0.0525917  0.000996962  0.0027646  1.66271e-05
0.0507003  0.00100885  0.0028034  1.67434e-05
0.0504516  0.00103068  0.0027962  1.67218e-05
0.0440028  0.000938087  0.0029531  1.71846e-05
0.0430262  0.000926958  0.0029087  1.70549e-05

Crystal55
0.0567864  0.000997239  0.0006941  8.33127e-06
0.102904  0.00151044  0.0014539  1.20578e-05
0.107355  0.00158203  0.001568  1.2522e-05
0.106043  0.00157059  0.0016484  1.2839e-05
0.09615  0.00142645  0.0018888  1.37434e-05
0.0791342  0.00129662  0.0022213  1.4904e-05
0.0533077  0.00103367  0.0027326  1.65306e-05
0.0524273  0.00103462  0.0027542  1.65958e-05
0.0508231  0.00103497  0.0028038  1.67446e-05
0.049702  0.00102676  0.0028064  1.67523e-05
0.0432657  0.000939062  0.002916  1.70763e-05
0.0428103  0.000948661  0.0029258  1.7105e-05

Crystal56
0.158981  0.00169002  0.0019847  1.40879e-05
0.341164  0.00273533  0.0045943  2.14343e-05
0.347345  0.00275443  0.0048241  2.19638e-05
0.341221  0.00271571  0.0049726  2.22993e-05
0.301734  0.00253387  0.0052679  2.29519e-05
0.2372  0.00222213  0.0054853  2.34207e-05
0.150531  0.00176042  0.0058268  2.41388e-05
0.144087  0.00170575  0.0057598  2.39996e-05
0.142789  0.00167426  0.0057899  2.40622e-05
0.13962  0.00166684  0.0057963  2.40755e-05
0.118784  0.00157003  0.0058097  2.41033e-05
0.118994  0.00152953  0.0058282  2.41417e-05

Crystal57
0.523641  0.00325962  0.0058549  2.41969e-05
0.547687  0.00338843  0.0068259  2.61264e-05
0.526798  0.00332477  0.0068185  2.61123e-05
0.503154  0.00325624  0.0067958  2.60688e-05
0.422377  0.00297064  0.0067377  2.59571e-05
0.325295  0.00258527  0.0067836  2.60453e-05
0.197839  0.00194699  0.0068105  2.60969e-05
0.188703  0.00193095  0.0067562  2.59927e-05
0.180021  0.00193538  0.006725  2.59326e-05
0.176333  0.00186437  0.0067523  2.59852e-05
0.146926  0.00171268  0.0066004  2.56912e-05
0.147293  0.00169358  0.0066411  2.57703e-05

Crystal58
0.525891  0.00326948  0.0058658  2.42194e-05
0.540207  0.00335993  0.0067425  2.59663e-05
0.526171  0.00336039  0.0068027  2.6082e-05
0.499076  0.00327485  0.0067711  2.60213e-05
0.425628  0.00299546  0.0068314  2.61369e-05
0.327704  0.00260311  0.0068452  2.61633e-05
0.194663  0.00197341  0.0067606  2.60012e-05
0.188263  0.00193663  0.0067556  2.59915e-05
0.177244  0.00185369  0.006673  2.58322e-05
0.175063  0.00183095  0.0067129  2.59093e-05
0.149246  0.00170948  0.0066166  2.57228e-05
0.147507  0.00167747  0.0066198  2.5729e-05

Crystal59
0.159161  0.00169257  0.0019957  1.41269e-05
0.340291  0.00271261  0.0045863  2.14156e-05
0.349482  0.00275875  0.0048416  2.20036e-05
0.346174  0.00272996  0.0050147  2.23935e-05
0.304998  0.0025521  0.0053133  2.30506e-05
0.243401  0.00225447  0.0055718  2.36047e-05
0.152342  0.00176963  0.0057969  2.40768e-05
0.146829  0.00170174  0.005818  2.41205e-05
0.143432  0.00170428  0.0058089  2.41017e-05
0.139355  0.00169649  0.0058019  2.40871e-05
0.118174  0.00151798  0.0057853  2.40527e-05
0.118194  0.00152815  0.0057716  2.40242e-05

Crystal60
0.524708  0.00325361  0.0058436  2.41735e-05
0.544726  0.00340113  0.0067885  2.60548e-05
0.53132  0.00335094  0.0068651  2.62013e-05
0.502663  0.00328338  0.0068126  2.6101e-05
0.423419  0.00299369  0.0067898  2.60572e-05
0.326326  0.00260042  0.0068626  2.61966e-05
0.196112  0.00198532  0.0067699  2.6019e-05
0.189033  0.00191678  0.0067338  2.59496e-05
0.18053  0.00186364  0.006758  2.59962e-05
0.177651  0.00185802  0.0067356  2.5953e-05
0.148608  0.00172351  0.0066625  2.58118e-05
0.143669  0.00169853  0.0065928  2.56764e-05

Crystal61
0.158965  0.00167557  0.0019873  1.40972e-05
0.346689  0.0027372  0.004631  2.15198e-05
0.351581  0.00276878  0.0049162  2.21725e-05
0.346252  0.0027356  0.0050259  2.24185e-05
0.302091  0.00254245  0.0052907  2.30015e-05
0.238799  0.00223375  0.0055106  2.34747e-05
0.153827  0.00177582  0.0058514  2.41897e-05
0.147046  0.00173016  0.0058132  2.41106e-05
0.141485  0.00168741  0.0058386  2.41632e-05
0.138868  0.0016712  0.0058428  2.41719e-05
0.119944  0.00156854  0.0058284  2.41421e-05
0.117505  0.00153543  0.0058081  2.41e-05

Crystal62
0.159178  0.00168505  0.0019856  1.40911e-05
0.336916  0.00266217  0.0045312  2.12866e-05
0.351702  0.00273  0.0048909  2.21154e-05
0.346682  0.00274264  0.0050567  2.24871e-05
0.302647  0.00252194  0.0052695  2.29554e-05
0.239481  0.0022307  0.0055705  2.36019e-05
0.154612  0.00175853  0.0058291  2.41435e-05
0.148137  0.00171396  0.0058177  2.41199e-05
0.143046  0.00170702  0.0058175  2.41195e-05
0.140455  0.00166257  0.0058273  2.41398e-05
0.116623  0.00151223  0.0057808  2.40433e-05
0.117221  0.00155175  0.0057709  2.40227e-05

Crystal63
0.527683  0.00326507  0.005894  2.42776e-05
0.543629  0.00337642  0.006767  2.60135e-05
0.524614  0.00333133  0.0067861  2.60501e-05
0.505209  0.00328081  0.0068189  2.6113e-05
0.423698  0.00300947  0.0067967  2.60705e-05
0.322285  0.0025893  0.0068167  2.61088e-05
0.194741  0.00198526  0.0067255  2.59336e-05
0.189983  0.00195678  0.0067588  2.59977e-05
0.181183  0.0018978  0.0067413  2.5964e-05
0.178151  0.00190048  0.0067211  2.59251e-05
0.146639  0.00169862  0.0066057  2.57016e-05
0.148422  0.00173286  0.0066523  2.57921e-05

