0.999762  2.94002e-06
0.21551  0.00144254
42.8   42.5423  0.00335153   140192  812.961   0.975395  0.02215
86.5   86.3211  0.0181802   26813.6  641.476   3.05933  0.0781976
105.3   105.086  0.0261611   9578.18  437.634   1.56912  0.0745399
123.1   122.912  0.00141722   414774  1047.51   1.51788  0.0127338
247.7   247.764  0.00528842   46617.6  418.506   1.0066  0.0108692
591.8   591.614  0.00922095   20326.4  287.399   0.613232  0.00941896
723.3   723.213  0.00439189   73658.6  446.949   0.54766  0.0046734
873.2   873.191  0.00631319   39732.4  333.027   0.486549  0.00531328
996.3   996.324  0.00758228   31826.6  310.673   0.455354  0.00604585
1004.7   1004.8  0.00554565   54101.9  397.638   0.44657  0.00453262
1274.5   1274.56  0.00441891   91585.4  462.441   0.39204  0.00278584
1596.4   1596.69  0.0272874   4190.64  119.859   0.35304  0.0103956
