0.999117  2.63593e-06
0.547537  0.00120084
42.8   42.3599  0.00267786   116697  648.538   0.811925  0.0183887
86.5   86.0053  0.0203825   31429.5  839.073   3.58598  0.101028
105.3   104.911  0.0200834   8699.91  575.494   1.42524  0.0960824
123.1   122.637  0.00118264   387865  1008.96   1.41941  0.0119405
247.7   247.535  0.00430979   47135.8  396.593   1.01779  0.0105179
591.8   591.571  0.00829517   20987.5  295.841   0.633176  0.00970017
723.3   723.38  0.00400433   78384.7  462.396   0.582799  0.00490379
873.2   873.441  0.00591993   43087.1  351.067   0.52763  0.00566772
996.3   996.654  0.00696126   34686.9  325.303   0.496277  0.00645069
1004.7   1005.13  0.00512166   58997.1  417.221   0.486976  0.00484564
1274.5   1275.04  0.00404164   102592  493.454   0.439155  0.00304683
1596.4   1597.46  0.0246059   4756.99  124.173   0.400752  0.0108306
