1.00025  3.7924e-06
-0.0577031  0.00169346
42.8   42.8253  0.00518635   69717.4  665.762   0.485062  0.0116137
86.5   86.7026  0.0217412   13119.9  502.648   1.49693  0.0589113
105.3   105.335  0.033822   5495.28  321.265   0.900252  0.053916
123.1   123.117  0.00157241   281540  891.197   1.03031  0.00886422
247.7   247.916  0.00582635   34264.2  379.035   0.739859  0.00931079
591.8   591.556  0.0110723   15374.4  255.248   0.463833  0.00818809
723.3   723.125  0.00529202   54611.1  388.039   0.40604  0.00377613
873.2   872.99  0.00797175   29554  288.427   0.361908  0.00434657
996.3   996.105  0.00991154   23783.1  273.26   0.340274  0.00496628
1004.7   1004.74  0.00756199   35086.7  453.743   0.289614  0.00425879
1274.5   1274.18  0.00588857   68322.6  402.959   0.292461  0.00226133
1596.4   1596.19  0.0393697   3142.31  104.417   0.264723  0.00898965
