0.999853  3.70559e-06
0.184335  0.00172701
42.8   42.6454  0.00365382   78213.6  537.83   0.544175  0.0125201
86.5   86.4536  0.0223428   12611.3  553.712   1.4389  0.06449
105.3   105.226  0.0334665   5320.11  350.111   0.871555  0.0584645
123.1   122.908  0.0017231   231815  808.199   0.848335  0.00740315
247.7   247.8  0.0065065   26175.5  330.163   0.565201  0.00789461
591.8   591.595  0.0115689   10830.3  215.144   0.32674  0.00678031
723.3   723.281  0.00545507   38180  322.611   0.283873  0.00294186
873.2   873.147  0.00802785   20641.7  241.084   0.252771  0.00344187
996.3   996.303  0.00992949   16285.2  224.003   0.232998  0.00382997
1004.7   1004.78  0.00723613   26319.4  281.943   0.217247  0.00278003
1274.5   1274.4  0.00564445   47022  329.562   0.201282  0.00173292
1596.4   1596.59  0.038269   2017  89.6864   0.169922  0.00764867
