1.00001  2.29245e-06
0.0749954  0.00114824
42.8   42.7856  0.00260107   138403  693.803   0.962943  0.0216863
86.5   86.4078  0.0176273   34037  797.816   3.88349  0.097507
105.3   105.171  0.0209979   8841.06  566.975   1.44837  0.0947726
123.1   123.001  0.00113894   445420  1094.52   1.63003  0.0136415
247.7   247.746  0.00400903   54879  439.881   1.18499  0.0118646
591.8   591.57  0.00707899   24797.4  306.033   0.748117  0.0102661
723.3   723.281  0.00340632   90065.4  483.038   0.669647  0.00538905
873.2   873.108  0.00497619   49177.1  364.784   0.602205  0.006142
996.3   996.176  0.00578122   40304.5  336.588   0.57665  0.00707992
1004.7   1004.67  0.00441943   68825.2  436.86   0.568099  0.00536814
1274.5   1274.37  0.00339966   117719  514.997   0.503908  0.00334782
1596.4   1596.54  0.020144   5600.36  129.883   0.471802  0.0114295
