0.999897  2.32703e-06
0.105698  0.00116014
42.8   42.7023  0.00261165   145436  717.626   1.01188  0.0227707
86.5   86.3643  0.0154619   30142  718.48   3.43908  0.0876243
105.3   105.199  0.0199205   9512.7  444.933   1.5584  0.0756531
123.1   122.987  0.0011512   465526  1101.67   1.70361  0.0142127
247.7   247.843  0.0041783   54353.3  448.716   1.17364  0.0119777
591.8   591.676  0.00743177   23776.6  300.228   0.717322  0.0100282
723.3   723.336  0.00349765   85734  472.465   0.637442  0.00519307
873.2   873.216  0.00504843   46435  353.431   0.568627  0.00588005
996.3   996.322  0.00598962   37332.2  326.66   0.534125  0.00670457
1004.7   1004.8  0.00438472   63479.2  418.213   0.523972  0.0050368
1274.5   1274.41  0.00346785   106329  491.754   0.455153  0.00310002
1596.4   1596.58  0.0206827   4662.04  117.737   0.392753  0.0102927
