1.00012  2.62759e-06
0.0115417  0.001229
42.8   42.8141  0.00300661   125119  687.211   0.870521  0.019702
86.5   86.4955  0.0167802   29580.9  700.258   3.37506  0.085476
105.3   105.317  0.0206312   9744.89  366.917   1.59643  0.0635913
123.1   123.055  0.00118742   442952  1074.25   1.621  0.0135508
247.7   247.849  0.00430325   55063.6  443.495   1.18898  0.0119414
591.8   591.602  0.00779648   24161.3  302.805   0.728926  0.0101283
723.3   723.224  0.00372895   87503.2  482.411   0.650596  0.00530122
873.2   873.075  0.00558404   46927.1  358.407   0.574653  0.00595347
996.3   996.138  0.0067363   38281.4  338.86   0.547705  0.006914
1004.7   1004.61  0.00492401   63616.6  427.782   0.525107  0.00509698
1274.5   1274.29  0.00410735   106885  502.178   0.45753  0.00313914
1596.4   1596.38  0.0251494   4844.89  123.734   0.408157  0.0108084
