0.999559  2.95989e-06
0.342133  0.00131485
42.8   42.5459  0.00264646   116533  614.352   0.810784  0.0183074
86.5   86.2427  0.0191857   19666.2  651.995   2.24384  0.0770823
105.3   104.987  0.0128077   6921.44  1863.17   1.13389  0.305584
123.1   122.782  0.00133043   304053  892.362   1.11269  0.00948166
247.7   247.621  0.00507573   33703.3  332.599   0.727748  0.00840498
591.8   591.637  0.0096026   13324.9  230.827   0.402  0.00736975
723.3   723.306  0.00450367   47675.6  354.162   0.354473  0.00338487
873.2   873.268  0.00656222   25610.3  263.316   0.313615  0.00390085
996.3   996.41  0.00784008   20137.7  240.263   0.288118  0.00430587
1004.7   1004.87  0.00583014   34394  313.299   0.283897  0.00326143
1274.5   1274.66  0.00462054   57676.2  365.854   0.246889  0.0019941
1596.4   1596.97  0.0296425   2306.88  88.2585   0.194343  0.00755875
