1.0004  4.49612e-06
-0.104822  0.00244661
42.8   43.0304  0.00785251   30696.6  354.837   0.213573  0.00529938
86.5   86.7873  0.0436737   20613.3  897.863   2.35189  0.104606
105.3   105.382  0.0473054   4935.89  357.011   0.80861  0.0594237
123.1   123.136  0.00230543   266811  909.975   0.976405  0.00849146
247.7   247.828  0.00916483   30277.4  377.452   0.653772  0.00904509
591.8   591.559  0.0147584   13085.4  258.623   0.394776  0.00815406
723.3   723.059  0.00681174   49360  385.318   0.366998  0.00361335
873.2   872.994  0.00977838   26259.1  285.405   0.32156  0.0041571
996.3   996.045  0.0115607   20973.2  271.327   0.30007  0.00472897
1004.7   1004.53  0.00835389   34351.3  346.244   0.283544  0.00347958
1274.5   1274.04  0.00628287   62074.4  393.408   0.265716  0.00214501
1596.4   1596.3  0.0369523   2679.95  103.399   0.225772  0.00885308
