0.999821  1.98087e-06
0.197432  0.000906387
42.8   42.6875  0.00202046   171224  713.978   1.1913  0.0266235
86.5   86.3787  0.012397   32570.2  868.569   3.71612  0.104592
105.3   105.133  0.0171645   11489.2  792.147   1.88218  0.132058
123.1   122.891  0.000894729   491830  1271.51   1.79987  0.0151322
247.7   247.761  0.00339429   57012.5  447.258   1.23106  0.0121584
591.8   591.625  0.00597557   24498.4  287.003   0.739096  0.00972818
723.3   723.31  0.00300159   86873.3  465.37   0.645913  0.00519533
873.2   873.169  0.00437338   47034.2  347.474   0.575965  0.00586178
996.3   996.308  0.00526117   38415.4  323.09   0.549623  0.0067703
1004.7   1004.79  0.00388012   64676.7  412.55   0.533857  0.0050558
1274.5   1274.43  0.00310997   108906  491.719   0.466181  0.00314062
1596.4   1596.51  0.0184655   5191.26  126.156   0.437337  0.0110601
