0.999626  5.13126e-06
0.258273  0.00268081
42.8   42.6556  0.00608455   81247.1  774.186   0.565281  0.0135297
86.5   86.4894  0.0347002   20916.2  657.259   2.38645  0.0780058
105.3   105.143  0.05616   5419.91  480.971   0.887904  0.0796349
123.1   122.849  0.00266946   283168  970.439   1.03626  0.00901877
247.7   247.741  0.00972879   29232.8  390.52   0.631216  0.00924387
591.8   591.663  0.0177559   11772.8  266.055   0.355175  0.00830473
723.3   723.364  0.00790527   44543.1  372.886   0.331183  0.00341102
873.2   873.239  0.0110737   23505.6  274.357   0.287842  0.00391756
996.3   996.445  0.0133915   18693.9  263.69   0.26746  0.00447522
1004.7   1004.93  0.00958816   30295.4  339.82   0.250066  0.00330634
1274.5   1274.65  0.00737598   51559.3  359.772   0.220704  0.00189459
1596.4   1596.77  0.0495814   1954.11  87.4372   0.164624  0.00745573
