1.00008  4.87518e-06
0.0689693  0.00217807
42.8   42.7176  0.00474919   73200.9  579.09   0.509299  0.0118858
86.5   86.6813  0.033629   18273  836.885   2.08487  0.0973113
105.3   105.319  0.0419304   4741.97  342.223   0.776842  0.0569663
123.1   123.01  0.00214401   273087  1005.04   0.999372  0.00880041
247.7   247.845  0.00809676   32489  410.153   0.701527  0.00980571
591.8   591.564  0.0145671   12712.4  265.384   0.383523  0.00833054
723.3   723.135  0.00710991   54608.2  433.591   0.406019  0.00404074
873.2   873.029  0.0104775   29424.3  323.789   0.36032  0.00469925
996.3   996.182  0.0130129   22227.9  304.413   0.318022  0.00521164
1004.7   1004.67  0.0105464   32076.4  554.108   0.264766  0.00493498
1274.5   1274.29  0.00741079   70787.5  444.673   0.303013  0.00243282
1596.4   1596.41  0.0453654   3200.57  116.565   0.269632  0.00999978
