1.00051  4.65223e-06
-0.231058  0.00257858
42.8   43.1  0.00871476   69757.7  1010.56   0.485343  0.0127667
86.5   86.6895  0.0327402   21047  690.618   2.40138  0.0817069
105.3   105.583  0.0519802   5480.72  460.701   0.897865  0.0763705
123.1   123.253  0.00242851   266937  902.413   0.976865  0.00848404
247.7   247.962  0.00924107   28766.1  367.47   0.62114  0.00876634
591.8   591.477  0.0158623   12865.4  264.252   0.388139  0.00830544
723.3   723.145  0.00697619   48094.7  381.266   0.357589  0.00355516
873.2   873.032  0.00998054   25727.7  282.647   0.315053  0.00410409
996.3   996.029  0.0118731   20772.4  277.201   0.297198  0.00478369
1004.7   1004.49  0.00847535   33514.4  341.923   0.276636  0.00342276
1274.5   1274.03  0.00644801   59244.1  384.768   0.2536  0.00207859
1596.4   1596.54  0.0407755   2527.74  100.171   0.212949  0.00856956
