1.00014  2.98479e-06
-0.0159747  0.00129326
42.8   42.83  0.00304413   151183  768.256   1.05187  0.0237051
86.5   86.5015  0.0161722   32369.1  690.846   3.69318  0.0855443
105.3   105.359  0.0205867   11357.6  394.766   1.86063  0.0690469
123.1   123.081  0.00124641   481841  1114.77   1.76331  0.0146846
247.7   247.885  0.00472072   55382.4  445.36   1.19586  0.0119984
591.8   591.608  0.00920041   23639  313.251   0.71317  0.0103741
723.3   723.259  0.00432925   85502.7  482.474   0.635722  0.00523618
873.2   873.079  0.00647198   45871.4  360.515   0.561725  0.00591195
996.3   996.17  0.00794651   37524.4  344.452   0.536874  0.00690174
1004.7   1004.65  0.00577879   61045.4  436.244   0.503884  0.00504056
1274.5   1274.26  0.00472922   106788  507.344   0.457116  0.00315282
1596.4   1596.51  0.0288377   4908.31  125.253   0.4135  0.0109417
