0.999706  2.31144e-06
0.227071  0.00116122
42.8   42.6441  10.7536   168819  857.262   1.17456  0.0264693
86.5   86.3672  0.0127605   32702.3  688.883   3.7312  0.0854719
105.3   105.144  0.0155527   11945.3  507.935   1.95691  0.0870132
123.1   122.906  0.00101569   519562  1164.89   1.90136  0.0157969
247.7   247.666  1.34618   60377.9  587.04   1.30373  0.0148952
591.8   591.567  1.12479   25742.5  1381.65   0.77663  0.041943
723.3   723.296  0.00334754   92622.4  489.848   0.688658  0.00550797
873.2   873.288  0.00493586   50180.1  367.24   0.614489  0.00622302
996.3   996.367  0.00574819   40030.1  339.082   0.572725  0.00707847
1004.7   1004.87  0.00432357   65012.4  502.947   0.536628  0.00559866
1274.5   1274.57  0.00339563   115739  514.236   0.495433  0.00331388
1596.4   1596.82  0.0204992   5498.06  129.82   0.463183  0.0114071
