0.999929  2.90097e-06
0.155866  0.00152062
42.8   42.7294  0.00360082   113890  704.169   0.792395  0.0180744
86.5   86.3517  0.0224318   29001.9  739.048   3.309  0.0894269
105.3   105.273  0.0273413   8675.37  421.361   1.42122  0.0714584
123.1   122.921  0.00150472   385994  1030.5   1.41256  0.0119131
247.7   247.803  0.00537538   46389  423.712   1.00167  0.0109465
591.8   591.553  0.00936563   21198.2  295.349   0.639533  0.00970154
723.3   723.205  0.00431059   76474.8  455.981   0.568599  0.00480967
873.2   873.084  0.0062293   41963.7  341.092   0.513873  0.00551232
996.3   996.2  0.00748245   34254  319.808   0.490083  0.00635538
1004.7   1004.69  0.0053887   57601.8  408.758   0.475459  0.00473928
1274.5   1274.4  0.00425814   96315.2  468.866   0.412286  0.00287709
1596.4   1596.54  0.0264527   4240.81  113.807   0.357267  0.00990843
