0.162464  2.2934e-07
0.0838446  0.000560441
42.8   263.178  0.00748284   338751  1006.38   0.297738  0.00659861
86.5   532.603  0.0365371   35322.2  595.941   0.513185  0.00981312
105.3   647.443  0.0507191   22855.9  541.62   0.476791  0.0128871
123.1   757.016  0.00335757   996599  1594.49   0.460584  0.00375764
247.7   1525.29  0.0131174   110698  634.996   0.301865  0.00250575
591.8   3641.84  0.0275125   37753.3  368.593   0.14384  0.00164834
723.3   4452.18  0.0128749   130977  580.882   0.122983  0.0009176
873.2   5374.25  0.0195088   68678.2  435.525   0.106209  0.00100319
996.3   6132.36  0.0236955   54561.7  394.602   0.0985847  0.00113824
1004.7   6184.52  0.0173987   92030.8  489.581   0.0959341  0.000843455
1274.5   7844.63  0.0140644   149366  579.142   0.0807455  0.000510894
1596.4   9777.15  0.0943832   6522.03  106.426   0.0693886  0.00123206
