0.139235  2.70193e-07
0.0719018  0.000813329
42.8   307.048  0.0129468   300308  1046.88   0.263949  0.00586954
86.5   621.427  0.0675668   34669.2  680.086   0.503699  0.0108711
105.3   756.047  0.0903522   22333.8  601.105   0.4659  0.0139256
123.1   883.419  0.00567697   966149  1624.72   0.446512  0.00365016
247.7   1780.64  0.0222968   107980  680.668   0.294452  0.00256251
591.8   4250.24  0.0439129   36617.8  386.044   0.139514  0.00169235
723.3   5194.74  0.0202198   124938  590.511   0.117313  0.000896036
873.2   6270.7  0.0304639   65312.2  461.853   0.101004  0.00100501
996.3   7154.08  0.0372051   50776.8  408.096   0.0917459  0.00110703
1004.7   7214.98  0.0273908   85768.5  498.752   0.0894061  0.000813621
1274.5   9153.19  0.0219382   140508  592.35   0.075957  0.000496766
1596.4   11409.7  0.430164   5924.16  224.556   0.0630279  0.00242948
