0.173616  1.14413e-06
0.0129168  0.00575455
123.1   708.969  0.0436515   29649.6  547.5   0.0137028  0.000275756
247.7   1427.57  0.0441936   25029.7  457.255   0.0682538  0.00131242
591.8   3407.95  0.0668945   14823.9  289.963   0.0564792  0.00115557
723.3   4165.13  0.0280311   55125.7  420.278   0.0517612  0.000502178
873.2   5029.37  0.0434582   30164.8  335.667   0.0466493  0.000613269
996.3   5739.04  0.0545483   24297.6  352.703   0.0439021  0.00074983
1004.7   5787.66  0.0378227   41265.4  379.733   0.0430155  0.000497347
1274.5   7341.01  0.03106   66380.1  434.161   0.0358843  0.000295427
1596.4   9151.33  0.648832   2483.06  236.027   0.0264176  0.00251793
