0.377756  1.06012e-06
-0.0222057  0.00154967
42.8   113.261  0.0104186   149591  743.674   0.13148  0.00296067
86.5   229.142  0.0538316   49160.4  1042.71   0.714237  0.0164567
105.3   278.806  0.0843551   20062.3  832.631   0.418516  0.0182015
123.1   325.846  0.00399896   918562  1666.66   0.424519  0.00348241
247.7   656.258  0.0163113   98286.2  716.768   0.268018  0.00253107
591.8   1566.72  0.0273222   34630.5  417.783   0.131942  0.00177775
723.3   1915.06  0.0115281   119792  592.74   0.112481  0.000874776
873.2   2311.9  0.0163563   62510.1  438.003   0.0966706  0.000957463
996.3   2637.77  0.0200005   43064  379.936   0.0778101  0.000980649
1004.7   2660.37  0.0141474   80927.7  489.896   0.08436  0.000780706
1274.5   3374.49  0.0101412   136331  561.355   0.0736991  0.000477366
1596.4   4188.31  0.0677906   5511.86  135.882   0.0586414  0.00150281
