0.165277  3.48226e-06
0.110481  0.0215645
123.1   743.475  0.281425   42471.2  1906.52   0.0196283  0.000894995
247.7   1498.26  0.208726   24209.9  2702.72   0.0660181  0.00738071
591.8   3579.47  0.195255   16926.9  597.508   0.0644916  0.00230916
723.3   4375.62  0.0829769   67909.4  584.579   0.0637647  0.000669078
873.2   5282.34  0.0997117   33162.6  679.694   0.0512853  0.00111075
996.3   6026.9  0.149574   25372.3  981.814   0.0458438  0.00182134
1004.7   6078.97  0.0808754   41821.9  452.598   0.0435956  0.000561888
1274.5   7710.5  0.0587459   80983.1  759.792   0.0437785  0.000465421
1596.4   9622.95  3.29916   2973.7  1624.55   0.0316375  0.0172853
