0.170761  2.71119e-07
0.0631187  0.000695403
42.8   250.131  0.00906739   335287  1055.9   0.294693  0.00653838
86.5   506.288  0.0469026   40135.6  702.926   0.583119  0.0114821
105.3   616.359  0.0658321   24442.3  618.412   0.509885  0.0145038
123.1   720.36  0.00401459   1.08252e+06  1689.04   0.500296  0.00407778
247.7   1451.86  0.0155853   117939  682.648   0.321608  0.00268119
591.8   3464.68  0.0308141   39546.9  390.659   0.150674  0.00174146
723.3   4236.61  0.0142641   134824  602.127   0.126595  0.00094689
873.2   5114.04  0.0211261   70114.3  450.482   0.10843  0.00103026
996.3   5834.69  0.0256182   54719.9  404.805   0.0988706  0.00115186
1004.7   5884.32  0.0187017   93877.6  503.72   0.0978592  0.000863109
1274.5   7462.95  0.0147538   151890  589.752   0.08211  0.000519801
1596.4   9302.05  0.0949931   6563.68  102.991   0.0698318  0.00119982
