0.173142  6.81352e-07
0.0936463  0.00316409
123.1   710.194  0.0179426   150433  862.014   0.0695237  0.000684148
247.7   1430.86  0.0468446   36174.3  580.27   0.0986442  0.00168941
591.8   3416.6  0.0571916   19859.4  319.263   0.0756643  0.00129835
723.3   4177.27  0.024703   70090.2  463.216   0.0658124  0.000587454
873.2   5042.82  0.0357546   38303.5  362.3   0.0592356  0.000697035
996.3   5753.79  0.0435224   31425.6  358.755   0.0567813  0.000825432
1004.7   5802.77  0.0305476   52677.2  431.068   0.0549114  0.000591323
1274.5   7360.56  0.023242   89303.4  477.096   0.0482764  0.000353248
1596.4   9173.39  0.263519   3819.87  75.9766   0.04064  0.000856923
