0.135797  2.26938e-07
0.194605  0.000793134
42.8   314.358  0.0120316   373978  1158.42   0.3287  0.0072905
86.5   635.949  0.0777008   41232.9  786.011   0.599061  0.0126285
105.3   774.124  0.104632   23831.6  673.369   0.497147  0.0154625
123.1   904.74  0.00591926   1.02835e+06  1672.22   0.47526  0.00387983
247.7   1824.16  0.0241821   113714  710.989   0.310088  0.0026871
591.8   4356.95  0.0414002   38037.9  502.473   0.144925  0.00210265
723.3   5325.04  0.0191322   132201  597.519   0.124132  0.000932466
873.2   6429.59  0.028123   69274.1  461.059   0.107131  0.00103478
996.3   7335.79  0.0338433   53258.7  441.907   0.0962303  0.00117797
1004.7   7398.16  0.02464   91360.1  536.963   0.0952349  0.000870471
1274.5   9384.57  0.018798   149219  589.265   0.0806662  0.000513955
1596.4   11692  0.130383   5364.37  101.26   0.0570722  0.001149
