0.169199  3.83721e-07
0.191688  0.00161008
123.1   725.84  0.00924534   165882  784.727   0.0766634  0.000712511
247.7   1464.11  0.0225207   44661  488.908   0.121787  0.00152033
591.8   3496.24  0.0348769   22890.6  307.925   0.0872133  0.00128461
723.3   4275.01  0.0160559   82587.4  473.98   0.0775468  0.000643861
873.2   5160.25  0.023981   45278.3  365.439   0.070022  0.00074809
996.3   5887.97  0.0291032   35731.3  338.863   0.0645611  0.000844096
1004.7   5938.06  0.0210226   61881.1  423.786   0.0645056  0.000631696
1274.5   7531.02  0.0166219   104337  496.098   0.0564033  0.000389174
1596.4   9386.98  0.113279   4560.65  78.0108   0.0485213  0.000896776
