0.175323  8.41718e-07
-0.0851948  0.00388354
123.1   702.352  0.026202   47751.1  563.404   0.0220684  0.00031459
247.7   1414.25  0.0301166   37192.1  475.111   0.10142  0.00143137
591.8   3375.34  0.051222   19232.5  306.38   0.073276  0.00124736
723.3   4125.59  0.0233403   70475.4  460.193   0.066174  0.000586821
873.2   4980.61  0.0366045   38301.6  364.093   0.0592326  0.000699253
996.3   5683.07  0.0453575   30396.5  366.549   0.0549219  0.000826419
1004.7   5731.26  0.032645   51954.7  409.637   0.0541582  0.000571017
1274.5   7270.47  0.0267934   84026.2  470.973   0.0454236  0.000341182
1596.4   9062.22  0.46435   2355.87  501.648   0.0250644  0.00533998
