0.364765  2.77832e-06
-0.435371  0.00771173
123.1   337.372  0.04391   23601.3  622.903   0.0109075  0.000300813
247.7   679.694  0.0377586   19099.1  441.97   0.0520814  0.00124507
591.8   1623.23  0.0396522   12264.5  293.695   0.0467278  0.00115357
723.3   1984.03  0.0152075   46642.2  393.588   0.0437955  0.000453463
873.2   2395.16  0.0209744   26616.9  300.777   0.0411625  0.000547159
996.3   2732.56  0.0251624   20943.2  290.315   0.0378412  0.000625416
1004.7   2755.79  0.0177968   36342.1  343.742   0.0378835  0.000445777
1274.5   3495.95  0.0126514   65063.5  401.199   0.0351726  0.000279224
1596.4   4345.22  0.0915055   2345.4  229.86   0.024953  0.00245174
