0.164373  1.57376e-06
-0.178719  0.00943701
123.1   748.336  0.100653   25430.5  678.489   0.0117528  0.000327361
247.7   1508.26  0.0875019   21650.6  632.818   0.0590391  0.00176162
591.8   3599.61  0.0973589   13023.4  305.047   0.0496194  0.00119976
723.3   4401.68  0.0369097   49002.6  408.55   0.0460119  0.000472626
873.2   5313.51  0.0528981   27231.7  332.369   0.0421133  0.000592538
996.3   6062.21  0.0624977   21962.9  330.557   0.0396836  0.000695905
1004.7   6113.88  0.0444013   38075.1  375.971   0.0396899  0.000480404
1274.5   7754.97  0.0318085   66057.6  440.525   0.03571  0.000297644
1596.4   9664.94  0.382556   1746.84  137.218   0.0185848  0.00146566
