0.143759  6.21222e-07
-0.0137064  0.00395837
123.1   855.052  0.0318421   93710.3  788.205   0.0433088  0.00050273
247.7   1724.38  0.0500647   40051  549.47   0.109216  0.00163538
591.8   4116.7  0.0583098   22373  336.733   0.0852412  0.00138114
723.3   5031.59  0.0254942   83733.4  499.386   0.0786229  0.000665139
873.2   6074.4  0.0361988   45863.3  394.854   0.0709266  0.000787002
996.3   6930.45  0.0429457   36954.5  391.874   0.0667712  0.000928696
1004.7   6989.43  0.0307587   63473.2  450.52   0.0661653  0.000659594
1274.5   8866.7  0.0230195   107568  535.281   0.0581498  0.000410205
1596.4   11050.6  0.161194   4865.45  66.3716   0.0517641  0.000793677
