0.173636  6.02955e-07
0.257176  0.00208585
42.8   245.282  0.0549924   40121.5  627.65   0.0352639  0.000950867
86.5   497.045  0.246687   12869.2  865.008   0.186972  0.0126796
105.3   604.775  0.307624   5702.93  564.762   0.118968  0.0118825
123.1   707.367  0.011266   310475  1071.14   0.143488  0.0012501
247.7   1425.62  0.0356492   55238.8  587.157   0.150631  0.0018386
591.8   3405.63  0.0599355   23726.6  345.087   0.0903986  0.00142227
723.3   4164.79  0.0258968   85257.5  518.872   0.080054  0.000684163
873.2   5027.52  0.0380923   44947.2  405.293   0.06951  0.000793474
996.3   5735.91  0.0508631   34779.2  374.377   0.0628407  0.000881725
1004.7   5784.97  0.0336738   61037.8  439.574   0.0636266  0.000639008
1274.5   7338.49  0.0269066   102730  530.476   0.0555344  0.000399172
1596.4   9149.48  0.422431   2107.93  237.225   0.0224265  0.00252874
