0.162912  2.53266e-07
0.0958597  0.000700459
42.8   262.373  0.00998126   270646  951.97   0.237878  0.00529097
86.5   530.819  0.0500507   32920.6  659.858   0.478293  0.010509
105.3   645.703  0.0789185   20461.2  574.003   0.426837  0.0131974
123.1   754.857  0.00417908   912540  1562.23   0.421736  0.00345028
247.7   1520.69  0.0161086   105154  647.373   0.286746  0.00246504
591.8   3630.47  0.0310818   37251.5  374.777   0.141928  0.00166255
723.3   4440.22  0.01441   128640  585.154   0.120789  0.000909463
873.2   5360.13  0.0211357   68462.5  442.44   0.105876  0.00100868
996.3   6115.63  0.0254618   53551.3  397.478   0.0967591  0.00112878
1004.7   6167.73  0.018609   91665.8  498.263   0.0955535  0.000846856
1274.5   7822.55  0.0145592   149765  582.692   0.0809611  0.000512923
1596.4   9750.32  0.0995568   6578.42  94.8126   0.0699886  0.0011214
