0.167714  2.55554e-07
0.0338393  0.000691796
42.8   254.688  0.0093057   327116  1041.04   0.287511  0.00638039
86.5   515.741  0.0477541   40590.2  692.21   0.589724  0.0113715
105.3   627.333  0.0665359   23578  592.58   0.491855  0.0139175
123.1   733.707  0.00405867   1.08266e+06  1687.15   0.500358  0.0040781
247.7   1477.64  0.015626   120398  686.08   0.328315  0.00271674
591.8   3528.11  0.0302384   40711.7  394.33   0.155112  0.0017673
723.3   4313.28  0.0139795   142339  614.73   0.133652  0.000988044
873.2   5207.16  0.0203874   75557.5  464.295   0.116848  0.00108838
996.3   5941.18  0.0245757   58221.4  413.717   0.105197  0.00120631
1004.7   5991.71  0.0180035   99781  514.827   0.104013  0.000904501
1274.5   7598.82  0.0139847   162595  605.525   0.0878972  0.000547996
1596.4   9470.44  0.0934749   6848.11  88.9008   0.0728579  0.00107457
