0.163385  5.50501e-07
0.0145859  0.00284326
123.1   752.329  0.0177933   163327  893.212   0.0754824  0.000731473
247.7   1517.06  0.039091   51224.4  579.827   0.139684  0.00178953
591.8   3621.72  0.0496686   26033.1  354.885   0.0991862  0.00147729
723.3   4428.2  0.0217601   93119  518.261   0.0874357  0.000715562
873.2   5344.92  0.0310344   50921.9  404.983   0.0787497  0.00083434
996.3   6098.4  0.0368518   40140.2  387.065   0.0725272  0.000956656
1004.7   6150.39  0.0262588   69859.5  457.292   0.0728224  0.000697913
1274.5   7800.25  0.0196881   115471  532.238   0.0624225  0.000424497
1596.4   9721.22  0.149946   4807.68  68.9037   0.0511495  0.000815841
