0.172046  2.62006e-07
0.196858  0.000672496
42.8   247.992  0.00880455   302167  984.758   0.265583  0.00589671
86.5   502.26  0.0441055   35532.7  644.263   0.516244  0.01045
105.3   610.799  0.0589308   22259.7  560.5   0.464355  0.0131588
123.1   714.184  0.00384045   988631  1612.83   0.456902  0.00373044
247.7   1438.37  0.0148592   110343  655.579   0.300895  0.00254072
591.8   3438.41  0.0291194   37389.4  375.266   0.142454  0.00166577
723.3   4204.26  0.013484   131537  589.689   0.123509  0.000925065
873.2   5075.74  0.0202007   68484  441.895   0.105909  0.00100828
996.3   5790.37  0.0240235   53838.2  395.405   0.0972775  0.00113001
1004.7   5839.63  0.0175819   92390.4  494.904   0.0963089  0.000848906
1274.5   7406.7  0.0139321   149582  583.488   0.0808626  0.000512799
1596.4   9231.68  0.0820262   6490.75  100.017   0.0690559  0.00116874
