0.172936  5.22773e-07
0.18462  0.00253101
123.1   710.145  0.0156384   117169  751.738   0.0541503  0.000555306
247.7   1431.79  0.0282364   47103.6  547.576   0.128447  0.00168035
591.8   3420.29  0.0396394   25265.8  334.49   0.0962628  0.00139918
723.3   4181.99  0.0176733   90199  505.807   0.0846938  0.000695553
873.2   5048.65  0.0258708   48880.6  387.895   0.0755928  0.000799904
996.3   5760.24  0.0311307   38961.7  371.34   0.0703979  0.000922824
1004.7   5809.19  0.0224374   67265.5  456.059   0.0701184  0.000683315
1274.5   7369.03  0.0171962   111146  522.851   0.0600844  0.000412484
1596.4   9185.93  0.129103   4714.81  76.5716   0.0501615  0.000887105
