0.162345  2.49774e-07
0.234411  0.000666629
42.8   262.886  0.0087341   342344  1048.19   0.300896  0.00667232
86.5   532.374  0.0448969   36655.7  655.575   0.53256  0.0106627
105.3   646.91  0.0639261   22312.4  579.119   0.465454  0.0135115
123.1   756.483  0.00406262   1.00635e+06  1628.71   0.46509  0.00379609
247.7   1525.16  0.0156102   110798  659.486   0.302137  0.00255351
591.8   3643.38  0.0305999   37434.4  375.213   0.142625  0.00166612
723.3   4455.5  0.0142957   130413  585.887   0.122453  0.000917854
873.2   5378.11  0.0214026   68095.1  442.444   0.105308  0.00100577
996.3   6136.14  0.0256222   52756.1  393.47   0.0953223  0.00111419
1004.7   6188.3  0.0187148   90755.4  495.343   0.0946046  0.000839744
1274.5   7849.12  0.0147356   146917  582.321   0.0794214  0.000506745
1596.4   9781.76  0.0888517   6447.71  110.864   0.068598  0.0012735
