0.170661  5.66155e-07
0.17027  0.00208025
123.1   720.183  0.0113141   345463  1144.38   0.159658  0.00138243
247.7   1450.99  0.0368517   58371.3  713.711   0.159173  0.00216793
591.8   3465.56  0.0586685   25565.1  367.122   0.0974034  0.00151592
723.3   4238.11  0.0255599   91661.3  530.851   0.0860669  0.000717721
873.2   5116.08  0.037843   48975.8  422.135   0.0757401  0.000840994
996.3   5836.87  0.0488321   38824.5  461.217   0.07015  0.0010455
1004.7   5886.41  0.0335443   66388.8  472.147   0.0692045  0.000690585
1274.5   7466.34  0.0259601   109248  545.346   0.059058  0.000417262
1596.4   9306.86  1.01373   3719.67  654.598   0.039574  0.00696986
