0.387353  2.78039e-06
-0.298345  0.00706669
123.1   317.44  0.0278731   46758.5  689.239   0.0216097  0.000362425
247.7   639.683  0.030672   30955.6  524.438   0.0844133  0.00151713
591.8   1527.84  0.0376956   17016.1  325.914   0.0648314  0.00130124
723.3   1867.94  0.0149103   63738  451.708   0.0598479  0.000555731
873.2   2255.65  0.0203641   34623.2  340.292   0.0535441  0.000646085
996.3   2573.34  0.0241859   27635.9  320.072   0.0499339  0.000732408
1004.7   2595.27  0.0173532   47005.1  388.098   0.0489987  0.000530387
1274.5   3291.46  0.0123388   81974.2  447.731   0.0443143  0.000328141
1596.4   4087.84  0.0879838   3051.19  113.44   0.032462  0.0012281
