0.165294  2.43949e-07
0.148029  0.00058197
42.8   258.585  0.00773429   326661  993.188   0.287111  0.0063658
86.5   523.079  0.0365225   34925.8  589.328   0.507426  0.00970396
105.3   636.436  0.051876   21693.5  536.055   0.452543  0.0126356
123.1   743.567  0.00342598   980451  1586.94   0.453121  0.00369842
247.7   1498.89  0.0134003   108933  636.976   0.29705  0.00248871
591.8   3578.85  0.0279432   37122.5  366.375   0.141437  0.00163361
723.3   4376.24  0.0133339   128683  580.469   0.120829  0.000907003
873.2   5282.69  0.0201427   67167.5  434.843   0.103873  0.000990412
996.3   6027.42  0.0249509   52564.5  391.287   0.0949761  0.00110928
1004.7   6078.73  0.0178895   90697.6  489.53   0.0945443  0.000835698
1274.5   7708.81  0.0146845   145915  576.095   0.07888  0.000502534
1596.4   9608.05  0.104494   6371.85  89.8099   0.067791  0.00106685
