0.157965  2.52993e-07
0.138858  0.000656552
42.8   270.031  0.00876586   351758  1059.84   0.30917  0.00685373
86.5   547.181  0.046136   39020.5  674.985   0.566918  0.0110546
105.3   665.243  0.0669914   22457  576.323   0.468471  0.0134771
123.1   778.314  0.00408406   1.02751e+06  1638.26   0.474868  0.00387366
247.7   1568.11  0.016203   111881  661.938   0.30509  0.00257081
591.8   3745.38  0.031847   37928.3  376.325   0.144507  0.00167557
723.3   4578.46  0.0151374   129945  589.402   0.122014  0.000917729
873.2   5527.12  0.0228758   67421.8  443.724   0.104266  0.00100179
996.3   6306.66  0.0275828   53092.1  396.046   0.0959293  0.00112137
1004.7   6360.31  0.020064   90015.8  492.335   0.0938335  0.00083356
1274.5   8067.71  0.0161317   146057  585.594   0.0789567  0.000506031
1596.4   10055.7  0.110393   6345.43  83.3511   0.0675098  0.00100484
