0.366573  9.3858e-07
0.0371462  0.0013371
42.8   116.611  0.00808968   212834  856.782   0.187066  0.00417687
86.5   235.978  0.0505999   47495  999.595   0.690041  0.015795
105.3   287.306  0.0731295   17388.1  664.038   0.362729  0.014633
123.1   335.626  0.00363603   871199  1607.05   0.40263  0.00330556
247.7   675.983  0.0144785   94661.8  681.65   0.258134  0.00241949
591.8   1614.05  0.0251456   33266.7  401.753   0.126747  0.00170919
723.3   1973.47  0.0109238   113935  571.008   0.106981  0.000836352
873.2   2382.55  0.0155921   59656.3  422.789   0.0922573  0.000918999
996.3   2718.01  0.0186194   43986.7  376.436   0.0794772  0.00098705
1004.7   2741.19  0.0134074   77849.1  474.363   0.0811509  0.000753127
1274.5   3477.2  0.00987414   128889  543.854   0.0696761  0.000455857
1596.4   4315.63  0.0667654   5135  187.65   0.0546319  0.00203273
