0.169114  4.04031e-07
0.0338527  0.000909664
42.8   252.917  0.0111641   319125  1073.25   0.280488  0.006232
86.5   511.54  0.0633095   37172.5  719.068   0.540068  0.0115225
105.3   622.276  0.0903721   21875.1  631.795   0.456332  0.0144533
123.1   727.687  0.00523968   980344  1653.98   0.453072  0.0037043
247.7   1464.68  0.0205776   109549  695.087   0.298731  0.0026087
591.8   3498.18  0.0427244   36266.3  396.232   0.138175  0.00172231
723.3   4277.1  0.0204154   128079  618.375   0.120262  0.000926177
873.2   5163.22  0.0308696   65229.3  473.54   0.100876  0.00101731
996.3   5890.88  0.0394101   50446.4  430.379   0.091149  0.00113034
1004.7   5941.09  0.0278777   83699.6  507.057   0.0872495  0.000807706
1274.5   7536.04  0.0230317   141662  634.786   0.0765808  0.000514172
1596.4   9395.52  0.464285   4527.14  793.477   0.0481648  0.00844863
