0.167905  2.51103e-07
0.0296544  0.000616745
42.8   255.456  0.00756917   409663  1116.76   0.360064  0.00796858
86.5   515.472  0.0401523   43961.5  691.903   0.638704  0.01158
105.3   627.503  0.0571022   26096.1  591.287   0.544386  0.0142207
123.1   732.739  0.00364437   1.17671e+06  1739.55   0.543823  0.00442424
247.7   1475.7  0.0139204   129909  696.056   0.354249  0.00284964
591.8   3523.27  0.0280637   44257.7  402.381   0.168622  0.00183683
723.3   4307.49  0.0132309   153871  634.147   0.14448  0.00105168
873.2   5201.2  0.0198311   81275.2  479.18   0.125691  0.00115033
996.3   5933.72  0.0242053   63656.3  432.197   0.115017  0.00129668
1004.7   5984.2  0.0176925   108249  536.847   0.11284  0.000968028
1274.5   7590.98  0.0142276   175362  632.589   0.0947989  0.000584478
1596.4   9462.3  0.11648   7663.74  99.5085   0.0815354  0.00120273
