0.171045  2.7389e-07
0.0880241  0.000673032
42.8   250.033  0.00860332   336444  1039.97   0.295711  0.00655853
86.5   505.598  0.0451484   39950.8  704.945   0.580434  0.0114972
105.3   615.059  0.0612976   24204.9  583.597   0.504934  0.0138312
123.1   719.055  0.0038505   1.07206e+06  1681.1   0.495459  0.00403909
247.7   1448.2  0.0146345   121378  686.572   0.330987  0.0027293
591.8   3458.2  0.0290874   41673.1  397.373   0.158775  0.00178878
723.3   4228.78  0.0137652   146241  624.504   0.137316  0.00101126
873.2   5104.7  0.0206111   75801.4  466.566   0.117225  0.00109268
996.3   5823.95  0.0253639   59591.3  423.079   0.107672  0.00123427
1004.7   5873.54  0.0183153   102311  524.613   0.10665  0.000925416
1274.5   7451.04  0.014867   166061  618.611   0.0897707  0.000559734
1596.4   9287.72  0.151034   7123.58  95.0832   0.0757886  0.00114227
