0.165991  8.39772e-07
0.183938  0.00317325
42.8   256.538  0.0566638   292357  3748.08   0.256961  0.00653463
86.5   520.627  0.375752   30782.3  7627.82   0.447227  0.110895
105.3   636.283  8.21009   7.41558e+07  1.40817e+08   1546.95  2937.63
123.1   740.075  0.0185068   973975  2367.47   0.450129  0.00376358
247.7   1493.06  0.105587   103748  1957.78   0.282913  0.00560206
591.8   3563.43  0.13497   41147.8  3662.1   0.156773  0.0139843
723.3   4358.78  0.0521967   120014  705.76   0.112689  0.000946738
873.2   5261.28  0.0675782   60872.7  1101.66   0.0941384  0.0018267
996.3   6002.77  0.107824   50025.9  1090.09   0.0903893  0.00213101
1004.7   6054.14  0.0650081   74060.2  1412.27   0.0772013  0.00156822
1274.5   7677.88  0.0379672   132834  663.507   0.0718083  0.000507509
1596.4   9459.56  0.323664   5001.72  866.153   0.0532139  0.00922264
