0.172547  5.27254e-07
0.112653  0.00252204
123.1   712.316  0.0151012   139484  802.815   0.0644633  0.000635306
247.7   1435.05  0.0287462   52085.8  573.092   0.142033  0.00178003
591.8   3427.73  0.0403655   26456.3  341.912   0.100799  0.00143623
723.3   4191.77  0.0178649   94630.4  516.039   0.0888548  0.000720423
873.2   5061.08  0.0258114   51949.3  396.656   0.0803386  0.000832192
996.3   5773.78  0.0310614   40892.1  370.201   0.0738859  0.000943192
1004.7   5822.89  0.0223698   71615.7  464.76   0.0746531  0.000712596
1274.5   7385.58  0.0171934   119240  532.326   0.0644599  0.000432074
1596.4   9205.52  0.152088   5415.74  93.2939   0.0576188  0.00107138
