0.165731  2.56492e-07
0.241357  0.000622813
42.8   257.503  0.00741591   411813  1121.41   0.361954  0.00801026
86.5   521.378  0.0421172   42538.5  692.087   0.618029  0.0114911
105.3   633.989  0.0562176   24314.9  588.15   0.507229  0.0139289
123.1   740.988  0.00375946   1.08359e+06  1671.98   0.500789  0.00408015
247.7   1493.95  0.014928   116116  669.791   0.316639  0.0026354
591.8   3569.36  0.0292906   39102.8  414.406   0.148982  0.00181437
723.3   4364.1  0.0140203   135291  597.078   0.127034  0.000946185
873.2   5268.01  0.021088   70263.6  447.061   0.108661  0.00102789
996.3   6010.43  0.0254458   55474.1  420.379   0.100233  0.00117929
1004.7   6061.64  0.0186225   93211.5  515.116   0.0971648  0.000866567
1274.5   7688.72  0.0150268   151053  591.78   0.0816577  0.000518692
1596.4   9583.51  0.1007   6613.09  94.1628   0.0703574  0.00111632
