0.169185  6.60104e-07
0.241657  0.00279898
123.1   725.791  0.0162489   54812.1  445.634   0.158531  0.00180823
247.7   1464.06  0.0405601   14741.9  284.051   0.251579  0.00507706
591.8   3495.99  0.0611915   7449.44  176.542   0.177623  0.00434225
723.3   4274.77  0.0279916   26969.4  271.11   0.158479  0.0018553
873.2   5159.99  0.0409236   14683.7  217.415   0.142111  0.00232748
996.3   5887.72  0.0503057   11805.7  208.638   0.133494  0.00264751
1004.7   5937.76  0.0363513   20355.7  252.1   0.132793  0.00188912
1274.5   7530.69  0.0290488   33388.7  298.645   0.112957  0.00115749
