0.405616  6.90319e-06
-0.430914  0.0167418
123.1   304.375  0.0695001   11445.5  410.242   0.0331035  0.00121572
247.7   612.637  0.0596329   6502.2  256.897   0.110963  0.00443435
591.8   1459.74  0.0724744   3684  153.437   0.0878403  0.00369629
723.3   1783.97  0.0282335   15531.6  230.718   0.0912672  0.00146217
873.2   2153.63  0.0397734   8332.63  177.834   0.0806446  0.00181132
996.3   2457.29  0.0466669   6408.16  157.963   0.072461  0.00190151
1004.7   2478.42  0.0324236   11400  192.697   0.0743693  0.00136061
1274.5   3143.21  0.0233894   20244.5  230.315   0.0684893  0.000851111
