0.170403  1.08878e-06
0.138545  0.00562778
123.1   720.982  0.0361195   27311.2  385.773   0.0789913  0.00128228
247.7   1453.5  0.0642875   13002  305.26   0.221886  0.00537685
591.8   3471.42  0.0756243   7203.01  185.718   0.171747  0.00454654
723.3   4244.15  0.0318767   26848  276.1   0.157765  0.00187838
873.2   5124.34  0.0460201   15043.2  231.956   0.145591  0.00246541
996.3   5846.21  0.0578094   11831.5  226.67   0.133786  0.00283182
1004.7   5895.83  0.0412984   20740.3  266.587   0.135302  0.00198029
1274.5   7477.83  0.0309819   34321.1  317.905   0.116112  0.0012222
