0.175298  1.51452e-06
-0.0193746  0.00682561
123.1   702.267  0.0453784   15605.3  313.398   0.0451346  0.0009757
247.7   1414.17  0.0529908   12195.5  272.935   0.208122  0.00482227
591.8   3375.31  0.0902316   6406.95  188.462   0.152766  0.00458616
723.3   4125.52  0.0410071   22876.3  262.958   0.134427  0.00174304
873.2   4980.75  0.0658507   11668.9  230.327   0.112934  0.00236517
996.3   5683.36  0.0799601   8876.61  230.195   0.100373  0.00275525
1004.7   5731.72  0.058478   15391.2  272.244   0.100406  0.00191003
1274.5   7271.29  0.0508538   23259.4  311.446   0.078689  0.00112472
