0.173595  2.05581e-06
0.0861881  0.0102185
123.1   708.993  0.0763277   9968.53  314.578   0.0288316  0.000938622
247.7   1427.49  0.079692   8177.59  264.929   0.139555  0.00459804
591.8   3407.65  0.116805   4921.07  176.205   0.117337  0.00425996
723.3   4164.88  0.0486931   17767  239.104   0.104403  0.00153835
873.2   5029.7  0.0752067   8895.66  203.149   0.0860938  0.0020564
996.3   5739.16  0.0964386   7205.74  225.787   0.0814797  0.00265634
1004.7   5788.03  0.0668211   11612.5  224.061   0.0757558  0.00155491
1274.5   7341.52  0.0575758   19094.6  298.082   0.0645992  0.00105891
