0.163371  9.88794e-07
0.0896279  0.00501849
123.1   752.227  0.0309632   53828.8  491.913   0.155687  0.00189089
247.7   1517.14  0.0696209   15896.3  368.051   0.271279  0.00648846
591.8   3621.37  0.0875647   7879.11  202.61   0.187868  0.00496074
723.3   4427.97  0.0373691   30320.7  295.327   0.178172  0.00203826
873.2   5344.6  0.0551677   16598.4  275.822   0.160642  0.00289663
996.3   6098.11  0.0656827   13077.2  296.292   0.147872  0.003605
1004.7   6149.94  0.0464266   23273.9  336.523   0.15183  0.00243908
1274.5   7799.74  0.0354257   37402.3  390.899   0.126536  0.001466
