0.165289  6.79825e-06
0.308715  0.0393678
123.1   742.356  0.316065   15243.5  556.044   0.0440882  0.00164645
247.7   1495.76  0.622824   4086.62  1031.59   0.0697404  0.0176097
591.8   3580  2.32661   8111.74  438.246   0.193415  0.0105137
723.3   4374.45  0.125836   22455.2  345.742   0.131952  0.00218047
873.2   5281  2.29849   11876.8  308.346   0.114945  0.0030908
996.3   6024.49  0.346399   3412.14  517.456   0.0385832  0.00586149
1004.7   6076.43  0.262869   6870.43  674.262   0.0448201  0.0044098
1274.5   7708.83  0.143764   21176.8  2077.15   0.0716434  0.00703635
