0.14373  1.0942e-06
0.148235  0.00677502
123.1   854.969  0.0514628   30855  425.247   0.0892409  0.00142212
247.7   1724.28  0.0950839   12953.2  377.918   0.221054  0.00658434
591.8   4116.46  0.107448   6981.66  202.808   0.166469  0.00493778
723.3   5031.39  0.0446705   27460.1  286.406   0.161362  0.0019416
873.2   6074.06  0.0694613   14815.4  310.599   0.143386  0.00316917
996.3   6930.08  0.0778425   12948.9  332.779   0.146421  0.00398701
1004.7   6989.17  0.0560752   19778.4  366.928   0.129027  0.00255842
1274.5   8866.38  0.0429382   34076.3  507.609   0.115284  0.00181145
