0.174849  2.65683e-07
0.134489  0.000673745
42.8   243.95  0.00864493   311502  999.865   0.273788  0.00607694
86.5   494.298  0.0442467   36493.1  656.522   0.530198  0.0106654
105.3   601.853  0.0613968   22566.8  581.302   0.470761  0.0135832
123.1   703.256  0.00376776   1.00268e+06  1622.68   0.463395  0.00378225
247.7   1416.38  0.0146712   111242  657.873   0.303347  0.00255558
591.8   3382.04  0.0280364   37973.9  374.543   0.144681  0.00167031
723.3   4134.75  0.0132111   133128  593.145   0.125003  0.000934192
873.2   4994.41  0.0192527   70214.3  445.67   0.108585  0.00102604
996.3   5697.96  0.0235375   54545.7  400.521   0.0985558  0.00114476
1004.7   5746.46  0.0169123   93444.8  495.503   0.097408  0.000855405
1274.5   7289.38  0.0133669   151872  586.084   0.0821001  0.000518548
1596.4   9084.97  0.0874612   6591.01  93.3787   0.0701226  0.00110812
