0.361164  9.34151e-07
0.00528102  0.0013786
42.8   118.204  0.00865131   212454  887.509   0.186732  0.00417462
86.5   239.627  0.0515625   45756.5  961.843   0.664783  0.0152013
105.3   291.717  0.078709   16589.9  653.248   0.346077  0.0143507
123.1   340.803  0.00380525   869183  1606.96   0.401698  0.00329828
247.7   686.287  0.0152531   94820.6  682.355   0.258567  0.00242263
591.8   1637.9  0.0256365   32901  396.549   0.125353  0.00168771
723.3   2002.97  0.0114142   114409  570.46   0.107426  0.000838074
873.2   2418.26  0.0160976   59185  423.35   0.0915284  0.00091604
996.3   2758.93  0.0189978   44044.2  377.849   0.0795811  0.000989488
1004.7   2782.5  0.0137411   78382.8  477.471   0.0817072  0.000758191
1274.5   3529.05  0.0101126   128655  544.206   0.0695495  0.000455496
1596.4   4391.56  0.0677529   5231.74  43.5109   0.0556611  0.000605064
