0.161934  3.64168e-07
0.0857387  0.00152426
42.8   263.326  0.0530375   30018.1  519.09   0.0263837  0.00073751
86.5   534.189  0.165532   9774.21  633.634   0.142007  0.00929417
105.3   650.129  0.225578   6777.54  538.705   0.141385  0.0113871
123.1   759.434  0.00903187   288825  995.957   0.133482  0.00116283
247.7   1529.71  0.025685   58231.3  541.79   0.158792  0.00175798
591.8   3652.75  0.0403577   27797  340.425   0.105907  0.00144432
723.3   4466.82  0.0177812   99359.5  524.017   0.0932953  0.00074528
873.2   5392.33  0.0260008   53860.8  404.781   0.0832946  0.000855465
996.3   6152.07  0.0315792   43391.4  366.404   0.0784016  0.000967566
1004.7   6204.49  0.0224163   73953.2  451.246   0.0770897  0.000715863
1274.5   7870.39  0.0175755   125152  539.265   0.0676559  0.000446562
1596.4   9808.84  0.126402   5596.53  82.9362   0.0595422  0.000975855
