0.163281  3.26376e-07
0.105946  0.000832368
42.8   261.417  0.01097   327212  1069.58   0.287595  0.00638587
86.5   529.485  0.0617197   37351.2  726.716   0.542664  0.0116331
105.3   644.861  0.0909058   23749.1  660.744   0.495424  0.0152141
123.1   753.195  0.0049844   1.0256e+06  1674.98   0.473988  0.00387011
247.7   1517.29  0.019323   115306  702.098   0.314429  0.00268788
591.8   3622.24  0.0386773   39508.3  403.567   0.150527  0.00178322
723.3   4429.87  0.0178812   136685  620.62   0.128343  0.000965699
873.2   5347.67  0.026951   71188.2  476.531   0.110091  0.00106629
996.3   6101.37  0.0326977   55301.8  423.743   0.099922  0.00118108
1004.7   6153.22  0.0237196   95160.6  518.917   0.0991966  0.000880203
1274.5   7804.07  0.0193699   156574  624.715   0.084642  0.00054144
1596.4   9728.1  0.491372   5715.07  632.747   0.0608033  0.00674532
