0.176107  8.62679e-07
0.107809  0.00407205
123.1   698.159  0.0278141   44007.7  556.047   0.0203384  0.000304159
247.7   1407.04  0.0319929   35454.9  481.013   0.0966822  0.00143423
591.8   3357.56  0.0507573   19071.3  306.166   0.0726618  0.0012453
723.3   4106.22  0.0227023   69375.6  452.985   0.0651414  0.000577646
873.2   4957.69  0.0351827   37354.5  354.011   0.057768  0.000680621
996.3   5656.74  0.0444116   30238.1  360.592   0.0546357  0.000816264
1004.7   5704.86  0.0314137   51044.5  403.985   0.0532094  0.000562203
1274.5   7237  0.0258541   83369.8  464.359   0.0450687  0.000337334
1596.4   9021.6  0.344906   2246.99  228.758   0.023906  0.00243953
