0.405629  4.04387e-06
-0.461896  0.00987321
123.1   304.12  0.0421919   30102.8  676.048   0.0139122  0.000331671
247.7   612.704  0.0361405   19952.1  461.646   0.0544075  0.0013005
591.8   1459.71  0.0433149   12660.5  295.945   0.0482367  0.00116411
723.3   1784  0.0163292   46877.7  401.658   0.0440166  0.000460419
873.2   2153.67  0.0227393   26253.1  307.625   0.0405999  0.00055416
996.3   2457.43  0.0265177   20384.4  280.942   0.0368314  0.000606266
1004.7   2478.45  0.0188465   35114.2  340.448   0.0366034  0.000437717
1274.5   3143.25  0.0135692   62757  398.523   0.0339257  0.000274202
1596.4   3929.61  0.124762   2556.69  66.3178   0.027201  0.000730803
