0.162224  3.75533e-07
-0.0135533  0.0017258
123.1   758.247  0.0105745   149921  762.423   0.0692868  0.00065681
247.7   1528.06  0.02384   44718  487.741   0.121942  0.00151799
591.8   3647.57  0.0380833   22371.5  304.917   0.0852355  0.00126932
723.3   4459.89  0.0167876   79853.8  465.74   0.0749801  0.000627404
873.2   5383.62  0.0248852   43724.4  356.496   0.067619  0.00072663
996.3   6142.43  0.0297256   34555  331.592   0.0624356  0.000821413
1004.7   6194.73  0.0216587   59814.3  413.751   0.0623512  0.000613608
1274.5   7856.31  0.0169945   100323  484.085   0.0542333  0.000376846
1596.4   9790.29  0.110651   4430.72  83.3164   0.047139  0.000945838
