0.161929  7.34867e-07
-0.132902  0.00404313
123.1   759.305  0.0336784   35144.4  533.628   0.0162422  0.000278756
247.7   1530.6  0.033403   31671.4  457.298   0.0863652  0.00135039
591.8   3653.97  0.0475777   17416.6  286.786   0.0663573  0.00116294
723.3   4468.47  0.0213019   63169.2  427.643   0.0593138  0.000536553
873.2   5393.62  0.0318134   34691.6  331.642   0.0536499  0.000635673
996.3   6154.13  0.03856   28084.6  318.798   0.0507445  0.000735101
1004.7   6206.45  0.0278901   48236.5  378.386   0.0502823  0.000528645
1274.5   7871.28  0.0220867   81285  453.022   0.0439417  0.000329009
1596.4   9810.67  0.187273   3462.23  82.8281   0.0368351  0.000918167
