0.181606  1.37898e-06
0.193799  0.00696891
123.1   676.787  0.0519476   28181.7  580.427   0.0130244  0.000287774
247.7   1363.83  0.0560357   22720  492.069   0.0619555  0.00139237
591.8   3256.26  0.0704073   14034.7  298.553   0.0534722  0.00118187
723.3   3981.11  0.0299779   52314.1  421.33   0.0491212  0.000493331
873.2   4807.61  0.044921   28694.5  337.387   0.0443755  0.000607228
996.3   5485.3  0.0543402   23605.3  343.745   0.0426511  0.000730143
1004.7   5531.68  0.0389518   40033  380.556   0.0417309  0.000492646
1274.5   7016.99  0.0297512   68957.4  446.47   0.0372776  0.000304948
1596.4   8747.25  0.559194   2343.78  196.154   0.0249357  0.0020942
