0.179438  1.66503e-06
-0.127316  0.00888931
123.1   686.123  0.0834071   22006.9  613.029   0.0101706  0.000294767
247.7   1381.69  0.0723954   20708.5  526.682   0.0564701  0.00147564
591.8   3297.94  0.0793084   13347.2  289.416   0.0508529  0.00114411
723.3   4031.68  0.0321738   49461  404.1   0.0464422  0.000470765
873.2   4866.95  0.0465642   27535.6  322.885   0.0425833  0.00058154
996.3   5552.97  0.0572153   23078.1  336.944   0.0416985  0.000715182
1004.7   5600.13  0.0409616   38862.2  362.656   0.0405104  0.000472574
1274.5   7103.47  0.0306181   68130.2  433.151   0.0368304  0.000297894
1596.4   8856.23  0.685385   2591.56  134.903   0.0275719  0.00144817
