0.167872  3.18355e-07
0.122905  0.000789627
42.8   254.586  0.010493   292253  998.565   0.256869  0.00570934
86.5   515.338  0.0583222   36963.1  736.943   0.537025  0.0117472
105.3   626.479  0.0785098   21243.8  607.183   0.443163  0.013915
123.1   732.427  0.00460655   968912  1619.55   0.447789  0.00365967
247.7   1475.79  0.0178306   109918  678.604   0.299738  0.00258044
591.8   3523.69  0.0359586   37681  390.179   0.143565  0.00171812
723.3   4308.41  0.0166688   129163  596.252   0.12128  0.000918129
873.2   5201.18  0.0255745   67247  454.535   0.103996  0.00101196
996.3   5933.96  0.0312884   52682.5  406.425   0.0951893  0.00112837
1004.7   5984.35  0.0227304   89603.6  502.877   0.0934039  0.000838022
1274.5   7589.83  0.0184576   146133  592.883   0.0789978  0.000508665
1596.4   10454  0.606736   2616.99  36.1699   0.0278424  0.000431356
