0.166035  2.88663e-07
0.115003  0.000722757
42.8   257.463  0.00912616   338535  1043.24   0.297548  0.0065989
86.5   521.168  0.0488114   37677.5  674.949   0.547405  0.0109742
105.3   633.358  0.0696323   22806  592.005   0.475752  0.0138118
123.1   740.542  0.00429388   1.01535e+06  1636.78   0.469252  0.00382947
247.7   1492.37  0.0164823   112658  669.408   0.307209  0.00259417
591.8   3562.99  0.033125   38131.3  382.152   0.145281  0.00169699
723.3   4355.59  0.0154913   130568  593.697   0.122599  0.000922965
873.2   5258.28  0.0229021   68861.5  447.454   0.106493  0.00101712
996.3   6000.15  0.0281124   53875.6  401.699   0.097345  0.0011377
1004.7   6051.28  0.0207196   91213.3  501.178   0.0950819  0.000846124
1274.5   7675.56  0.0165582   148364  584.669   0.0802036  0.0005106
1596.4   9567.32  0.17606   5861.3  76.1255   0.0623591  0.000920052
