0.171512  3.53629e-07
0.0859255  0.00099034
42.8   249.064  0.0117254   391431  1228.63   0.34404  0.00763273
86.5   504.235  0.0751464   47824.9  891.986   0.694834  0.0143893
105.3   613.277  0.107013   23664.8  734.475   0.493667  0.0166115
123.1   717.153  0.00587107   1.0967e+06  1760.58   0.506847  0.00413561
247.7   1444.26  0.0235171   117610  751.371   0.320713  0.00281086
591.8   3449.26  0.0422864   38529.7  403.001   0.146798  0.00177013
723.3   4216.59  0.0191011   133657  615.58   0.125499  0.000949262
873.2   5091.54  0.0274212   69733.7  471.021   0.107842  0.00104903
996.3   5808.87  0.0330248   53819.5  416.792   0.0972436  0.0011546
1004.7   5858.32  0.0237495   93441.3  518.77   0.0974043  0.000870246
1274.5   7430.98  0.0179584   148863  589.31   0.0804735  0.000513214
1596.4   9263  0.125579   6544.75  100.725   0.0696304  0.00117727
