0.164355  4.36038e-07
0.0823506  0.00181578
123.1   748.477  0.010318   267107  991.987   0.123445  0.00108879
247.7   1507.43  0.0309884   51238.3  536.457   0.139722  0.00168606
591.8   3598.37  0.0463661   24540.1  335.627   0.0934979  0.00139638
723.3   4400.13  0.0201053   87074.7  495.732   0.0817603  0.000676253
873.2   5311.8  0.0292026   47783.5  383.977   0.0738963  0.000787519
996.3   6061.08  0.0359464   37538  368.442   0.0678254  0.000903218
1004.7   6112.66  0.025392   65154.6  451.098   0.0679179  0.00066869
1274.5   7754.95  0.0197657   109269  513.613   0.0590698  0.000405367
1596.4   9666.66  0.206108   4712  85.0386   0.0501315  0.000970408
