0.168889  4.9448e-07
0.0285958  0.00187258
42.8   252.513  0.0941926   17757.9  507.45   0.0156079  0.000562521
86.5   511.924  0.300865   9914.71  968.444   0.144048  0.0141298
105.3   623.468  0.320548   4747.94  535.85   0.0990457  0.0112522
123.1   728.585  0.0103992   260702  966.881   0.120485  0.00106242
247.7   1467.14  0.0287478   56344.3  548.424   0.153646  0.00175681
591.8   3503.23  0.0472836   26266.8  341.872   0.100077  0.00143428
723.3   4282.92  0.021069   94486.7  524.881   0.0887199  0.000725438
873.2   5170.28  0.0321867   50629.1  409.63   0.078297  0.000837671
996.3   5898.96  0.0386886   40209.7  373.887   0.0726528  0.000940176
1004.7   5949.16  0.0280091   68044.2  449.126   0.0709301  0.00068243
1274.5   7545.78  0.0225895   115023  538.123   0.0621799  0.000425773
1596.4   9407.66  0.499546   3601.54  221.06   0.0383172  0.00236713
