0.170437  5.73766e-07
-0.00847377  0.00299581
123.1   721.074  0.0203701   82599.3  689.072   0.0381738  0.000441225
247.7   1453.58  0.0329102   39114.3  524.822   0.106661  0.00156772
591.8   3471.62  0.0425151   22413.9  319.76   0.0853971  0.00132165
723.3   4244.33  0.0183767   82129  481.431   0.0771164  0.000646867
873.2   5124.56  0.0264876   45789.5  374.318   0.0708125  0.000762104
996.3   5846.39  0.0324568   36624.6  357.269   0.066175  0.000878304
1004.7   5896.13  0.0229751   63025.8  437.943   0.0656988  0.000648003
1274.5   7478.08  0.0177878   106414  507.737   0.0575261  0.000397579
1596.4   9321.15  0.111405   4865.46  78.7374   0.0517643  0.000912707
