0.392311  3.0143e-06
0.186054  0.00741496
123.1   313.066  0.0267462   46374.3  710.494   0.0214322  0.000370428
247.7   630.978  0.0302401   30230.2  518.961   0.0824349  0.00149911
591.8   1506.94  0.0377722   16040.7  316.891   0.0611153  0.00126182
723.3   1842.47  0.0156163   61118.6  456.854   0.0573883  0.000550072
873.2   2226.31  0.0213697   33232.8  340.683   0.0513938  0.00063797
996.3   2539.74  0.0256434   24752.7  318.005   0.0447243  0.000701549
1004.7   2561.41  0.0180899   43012.1  379.805   0.0448363  0.000505225
1274.5   3248.25  0.0131438   77559.6  442.988   0.0419278  0.000318271
1596.4   4047.19  0.104938   2529.75  461.755   0.0269144  0.00491628
