0.165162  8.77173e-07
0.0221593  0.00476714
123.1   744.129  0.0404385   31021.7  527.783   0.0143369  0.000269539
247.7   1500.01  0.0379863   30178.4  458.958   0.0822938  0.00134542
591.8   3581.83  0.054188   16935.6  285.994   0.0645249  0.00115637
723.3   4379.69  0.0234459   61768.3  425.337   0.0579984  0.000529716
873.2   5286.7  0.035878   34453.3  335.951   0.0532813  0.000639555
996.3   6032.31  0.0432928   27618.4  327.072   0.0499023  0.000742262
1004.7   6083.52  0.0310669   47129.9  381.117   0.0491287  0.000525452
1274.5   7716.29  0.0243791   79798.7  450.47   0.0431383  0.000325306
1596.4   9618.37  0.397141   2772.07  250.805   0.0294924  0.00267632
