0.172987  3.35252e-07
-0.0376197  0.000918644
42.8   247.05  0.0106947   397428  1205.09   0.34931  0.00774448
86.5   500.348  0.0666625   49005.6  891.354   0.711989  0.0144489
105.3   608.96  0.0960181   25754  732.936   0.537249  0.0168093
123.1   711.865  0.00541089   1.11492e+06  1765.6   0.515269  0.00420214
247.7   1433.17  0.0209111   121131  743.972   0.330314  0.00283614
591.8   3420.79  0.0389525   40313.1  410.325   0.153593  0.00181475
723.3   4182  0.0173218   140918  625.998   0.132317  0.000987815
873.2   5048.47  0.0252707   74068.7  477.488   0.114546  0.00109004
996.3   5759.74  0.0307487   57135.6  425.134   0.103235  0.00120554
1004.7   5808.69  0.0221251   98138.8  524.756   0.102301  0.000901128
1274.5   7368.06  0.0169433   158587  607.52   0.0857305  0.000540001
1596.4   9181.98  0.125629   6977.36  83.8898   0.074233  0.00103276
