0.164592  1.23914e-06
-0.332757  0.00755049
123.1   746.58  0.0881444   33805.8  761.622   0.0156236  0.000373521
247.7   1505.82  0.0720945   31289.9  726.566   0.0853249  0.00204635
591.8   3595.64  0.0811289   20811.6  368.074   0.0792925  0.00148087
723.3   4396.74  0.0283419   76748.5  488.225   0.0720643  0.000630169
873.2   5307.28  0.039202   43142  395.84   0.0667183  0.00076997
996.3   6055.48  0.0465561   34704.8  384.802   0.0627062  0.000895494
1004.7   6107.03  0.0335508   59490.9  436.17   0.062014  0.000628621
1274.5   7746.13  0.0235814   101071  503.313   0.0546378  0.000385568
1596.4   9656.6  0.167263   4696.09  96.6725   0.0499623  0.00108635
