0.164733  3.94328e-07
0.0920609  0.000870731
42.8   259.314  0.0111742   313546  1070.28   0.275584  0.00612517
86.5   525.034  0.0611499   35974.6  711.642   0.522665  0.011359
105.3   638.241  0.0850175   21332.3  607.043   0.445008  0.0139222
123.1   746.619  0.0050953   961890  1627.98   0.444543  0.00363506
247.7   1504.46  0.0206511   105293  686.239   0.287125  0.00254356
591.8   3590.68  0.0441256   35456.1  395.702   0.135088  0.00171169
723.3   4390.37  0.0211519   121074  607.956   0.113684  0.000889458
873.2   5300.19  0.0327214   59808.4  460.813   0.0924925  0.00096283
996.3   6047.23  0.0412075   47435.4  423.545   0.0857085  0.00108659
1004.7   6098.96  0.0289335   77663.3  493.436   0.0809571  0.000765322
1274.5   7735.82  0.0240211   133548  622.701   0.0721943  0.000493576
1596.4   9645.18  0.652742   4673.6  483.342   0.049723  0.0051541
