0.166432  2.46889e-07
0.214213  0.00066099
42.8   256.526  0.00914791   279271  949.539   0.245459  0.0054551
86.5   519.089  0.0474903   33365  644.477   0.484751  0.0103299
105.3   632.077  0.0647567   20093.6  560.833   0.419169  0.0129062
123.1   738.087  0.00390513   911772  1551.73   0.421381  0.00344648
247.7   1487.9  0.014947   103873  634.554   0.283251  0.00242539
591.8   3553.31  0.0289494   36431.4  366.551   0.138804  0.00162603
723.3   4345.56  0.013828   125715  576.394   0.118042  0.000891366
873.2   5246.15  0.0201958   67160.5  435.593   0.103862  0.000991144
996.3   5985.62  0.0244949   52562  390.579   0.0949715  0.00110843
1004.7   6036.54  0.0180263   89020.9  486.256   0.0927965  0.000823938
1274.5   7656.74  0.0141829   145704  573.611   0.0787659  0.000501254
1596.4   9542.22  0.0875323   6296.41  90.9662   0.0669883  0.00107542
