0.375068  9.86115e-07
0.122013  0.00132906
42.8   113.897  0.0075652   240981  899.237   0.211805  0.00471841
86.5   230.412  0.0472465   48229.7  1005.79   0.700716  0.0159156
105.3   280.668  0.0736576   21053.9  782.121   0.4392  0.0172858
123.1   327.805  0.00355607   938859  1666.27   0.4339  0.00355559
247.7   660.163  0.0146104   100521  708.396   0.274112  0.00253703
591.8   1576.58  0.0256572   34170.4  410.938   0.13019  0.00174972
723.3   1928.52  0.0113674   120022  594.314   0.112696  0.000876714
873.2   2328.42  0.0158496   62082.2  438.925   0.0960088  0.000955208
996.3   2656.2  0.0190642   42474.3  380.778   0.0767447  0.000974898
1004.7   2678.9  0.0135127   80454.1  486.604   0.0838663  0.000775847
1274.5   3397.78  0.0100617   134425  564.982   0.0726686  0.000474659
1596.4   4234.17  0.0695119   5514.87  66.1601   0.0586734  0.000814948
