0.406183  3.88776e-06
-0.279458  0.00500891
42.8   120.863  0.0695578   7791.72  278.335   0.0542112  0.00227307
86.5   214.213  0.282404   5059.84  468.992   0.577307  0.0537617
105.3   259.354  0.235624   1138.2  208.528   0.186463  0.0342475
123.1   303.342  0.011133   66356.6  454.445   0.242834  0.00255729
247.7   610.553  0.0513301   7018.41  154.129   0.151547  0.00345005
591.8   1457.3  0.0875452   2449.02  110.333   0.0738849  0.00335806
723.3   1781.37  0.0357443   8856.67  165.284   0.0658504  0.00129086
873.2   2150.54  0.0524918   4453.36  118.98   0.0545343  0.00150617
996.3   2453.83  0.064231   3579.25  110.738   0.0512096  0.00165004
1004.7   2474.73  0.0443009   6032.52  133.361   0.0497939  0.00115466
1274.5   3138.36  0.032678   9940.87  154.782   0.0425529  0.000695882
1596.4   3933.02  0.273896   332.275  49.1049   0.0279925  0.00414148
