0.173537  1.4879e-06
-0.0535565  0.00328777
42.8   246.281  0.0831582   14103.1  393.483   0.098123  0.0034837
86.5   499.493  0.212374   2665.55  223.661   0.304128  0.0256651
105.3   607.342  0.361875   1382.46  185.27   0.226478  0.0304939
123.1   709.657  0.0167129   68039.2  451.329   0.248992  0.00258762
247.7   1428.53  0.0648163   8352.63  191.591   0.180356  0.00427617
591.8   3409.87  0.137534   2810.85  112.152   0.084801  0.00342157
723.3   4167.57  0.0665557   9908.96  172.123   0.0736743  0.00135395
873.2   5032.2  0.103531   5068.5  131.702   0.062067  0.00167027
996.3   5742.16  0.136781   3841.92  117.063   0.0549677  0.0017464
1004.7   5790.59  0.0978533   6917.57  149.266   0.0570993  0.00129529
1274.5   7344.33  0.0806546   11389  170.204   0.0487516  0.000768268
1596.4   9205.47  1.07799   241.437  82.1846   0.0203398  0.00692509
