0.37573  3.32995e-06
0.0697735  0.00442293
42.8   114.059  0.0243673   21732.7  271.776   0.151206  0.00382059
86.5   230.193  0.150532   4507.27  311.075   0.514261  0.0357929
105.3   279.753  0.31506   1437.73  234.423   0.235532  0.0385257
123.1   327.357  0.0118659   70202.9  471.5   0.25691  0.00268355
247.7   659.203  0.0489836   7438.42  199.177   0.160616  0.00440744
591.8   1573.86  0.0814786   2575.44  110.768   0.0776989  0.00337415
723.3   1924.67  0.0385142   9028.64  168.105   0.067129  0.00131318
873.2   2324.28  0.0518141   4767.49  122.634   0.0583811  0.00155635
996.3   2651.68  0.0612521   3731.98  113.208   0.0533947  0.00168949
1004.7   2674.17  0.0450249   6308.37  135.345   0.0520708  0.00117513
1274.5   3391.68  0.0342097   10231.3  157.978   0.0437961  0.000710813
1596.4   4251.13  0.281382   373.229  58.3243   0.0314426  0.00491845
