0.164132  3.81538e-06
0.0979356  0.0135316
42.8   260.989  0.231619   27049.5  637.681   0.188198  0.00606285
86.5   526.789  1.68783   3709.73  849.261   0.423265  0.0969721
105.3   644.056  1.92792   500.111  192.663   0.0819295  0.0315805
123.1   749.265  0.0793781   78774.7  620.481   0.288279  0.00323646
247.7   1509.74  0.37951   8878.24  342.584   0.191706  0.00748624
591.8   3602.46  0.639425   2059.31  202.418   0.0621278  0.00611816
723.3   4406.4  0.220024   10565.4  237.404   0.0785549  0.00182697
873.2   5318.72  0.387249   4787.34  557.278   0.0586241  0.00683655
996.3   6069.5  0.589651   4534.21  241.047   0.0648726  0.00349781
1004.7   6121.51  0.381381   7626.54  260.383   0.0629513  0.00219397
1274.5   7764.68  0.17025   11781.5  202.168   0.0504319  0.00090139
1596.4   9721.57  0.979616   1138.03  42.777   0.0958735  0.0036657
