0.173553  1.15987e-06
0.144868  0.00251694
42.8   245.631  0.0335675   30980.4  335.139   0.215548  0.00527579
86.5   498.066  0.167658   5957.48  308.735   0.679724  0.0357527
105.3   606.073  0.224437   2611.89  207.516   0.427888  0.0344479
123.1   708.383  0.0137411   112419  560.323   0.411403  0.00387773
247.7   1427.94  0.0543622   12444.4  223.415   0.26871  0.00508643
591.8   3408  0.114661   4275.03  139.06   0.128974  0.0042661
723.3   4167.5  0.0549475   14706.3  206.887   0.109343  0.00167229
873.2   5030.32  0.0861251   7410.77  159.544   0.0907497  0.0020544
996.3   5739.67  0.109292   5696.74  138.198   0.0815053  0.00210894
1004.7   5788.24  0.0763569   10024.5  175.311   0.0827449  0.00155868
1274.5   7342.13  0.0625514   16386.6  201.897   0.0701444  0.000932693
1596.4   9202.32  0.66781   636.347  61.1539   0.0536089  0.00516555
