0.166081  7.65719e-07
-0.23777  0.00195193
42.8   259.591  0.0262637   30874.7  313.054   0.214812  0.00519503
86.5   523.155  0.152039   4538.25  254.959   0.517796  0.0294607
105.3   635.868  0.201606   1888.53  168.047   0.309385  0.0278221
123.1   742.514  0.0114522   94735.4  504.748   0.346688  0.0033323
247.7   1493.66  0.0421049   11765.9  209.62   0.254058  0.00477607
591.8   3563.03  0.0872309   4171.52  124.492   0.125851  0.00383099
723.3   4355.78  0.0404166   15025.7  199.987   0.111718  0.00163103
873.2   5259.81  0.0616532   7847.75  151.274   0.0961008  0.00197081
996.3   6000.44  0.0757266   6244.09  134.258   0.0893364  0.00208236
1004.7   6051.5  0.0531098   10910.1  169.433   0.0900546  0.00153405
1274.5   7675.4  0.044653   17475.2  198.347   0.0748042  0.000927775
1596.4   9614.49  0.333713   813.371  53.6738   0.0685224  0.00454711
