0.175956  1.39824e-06
0.0978235  0.00305503
42.8   242.992  0.0397796   18602.9  262.281   0.12943  0.00337722
86.5   491.699  0.229463   2942.62  226.793   0.335741  0.026052
105.3   598.565  0.278682   1665.41  199.29   0.272831  0.0328404
123.1   698.943  0.0165183   73890.2  464.612   0.270404  0.00275145
247.7   1408.46  0.0639432   8415.29  190.963   0.18171  0.00426512
591.8   3360.51  0.130682   2923.69  113.202   0.0882054  0.00345597
723.3   4109.9  0.0636164   10387.5  172.437   0.0772326  0.00136326
873.2   4962.06  0.0979869   5464.2  135.443   0.0669126  0.00172345
996.3   5661.62  0.122915   4090.57  117.388   0.0585252  0.00176017
1004.7   5709.64  0.0883857   7185.95  146.303   0.0593145  0.001277
1274.5   7242.97  0.0749996   11480.7  167.843   0.0491442  0.000759325
1596.4   9074.06  0.593787   438.308  44.4116   0.0369252  0.00375036
