0.171928  6.97518e-07
0.181648  0.00167238
42.8   248.19  0.0198896   50586  388.225   0.351954  0.00818593
86.5   502.628  0.0995525   7144.65  275.643   0.815176  0.0322941
105.3   611.527  0.133661   3140.74  198.593   0.514525  0.0332145
123.1   714.81  0.00967718   139600  598.536   0.510872  0.00463693
247.7   1439.64  0.0375164   15055.5  231.133   0.325089  0.00535842
591.8   3440.69  0.0760456   5126.76  136.898   0.15467  0.00423308
723.3   4206.88  0.0360482   17385.4  213.227   0.129263  0.00176491
873.2   5078.77  0.0534358   9058.98  157.274   0.110933  0.00207658
996.3   5793.88  0.0652659   6952.11  140.996   0.0994662  0.00220699
1004.7   5843.13  0.0464022   12336.7  179.078   0.10183  0.00164105
1274.5   7410.89  0.0373902   19784.1  209.496   0.0846876  0.00099171
1596.4   9284.99  0.228359   832.5  48.8561   0.0701338  0.00414505
