0.16776  6.6459e-07
0.196836  0.00160308
42.8   254.336  0.0190406   55767.2  402.183   0.388003  0.00896673
86.5   515.321  0.103188   6630.67  264.025   0.756532  0.0308841
105.3   626.491  0.133222   3177.27  190.684   0.520509  0.0319628
123.1   732.478  0.00955039   149677  619.739   0.547748  0.00493411
247.7   1475.8  0.0364841   16500.6  239.638   0.356293  0.00559866
591.8   3525.15  0.0738496   5658.15  143.419   0.170702  0.00444641
723.3   4310.45  0.0354807   19379.4  223.994   0.144088  0.00187645
873.2   5204.04  0.0538507   10287  169.781   0.125971  0.00225835
996.3   5937.37  0.0640246   8093.92  152.362   0.115802  0.00241624
1004.7   5988.04  0.046775   13760.7  189.946   0.113584  0.00175794
1274.5   7595.89  0.0377626   22171.8  221.809   0.0949087  0.00106146
1596.4   9516.89  0.249643   1014.72  56.7691   0.0854853  0.0048198
