0.135799  1.53121e-06
0.0937738  0.0070549
42.8   315.191  0.108953   31168.8  570.6   0.216858  0.00619925
86.5   636.681  0.639517   5105.84  498.118   0.582556  0.0570746
105.3   775.361  2.16862   3757.49  1645.86   0.615562  0.269747
123.1   905.835  0.0525277   89142.4  802.873   0.32622  0.00392983
247.7   1786.51  0.636606   6565.1  446.858   0.141759  0.00968632
591.8   4356.9  0.292579   3557.53  166.304   0.107328  0.00505842
723.3   5325.56  0.118249   12538.8  208.599   0.0932274  0.00164875
873.2   6428.88  0.174912   5625.28  210.91   0.0688852  0.00262736
996.3   7336.24  0.21083   4589.86  155.411   0.0656688  0.00230072
1004.7   7398.38  0.148176   8303.72  194.318   0.0685409  0.00167417
1274.5   9384.46  0.107254   13171.8  190.28   0.0563833  0.000861919
1596.4   11754  1.39445   436.111  99.4282   0.0367401  0.00838026
