0.162405  6.29689e-07
0.105126  0.00148658
42.8   263.148  0.0186497   50080.8  377.954   0.34844  0.00808962
86.5   532.803  0.102179   6253.88  268.594   0.713542  0.0313112
105.3   647.741  0.134375   2928.2  185.295   0.479706  0.0309894
123.1   757.193  0.00899688   131151  575.723   0.479951  0.00437967
247.7   1525.68  0.0350571   14186.9  220.791   0.306335  0.00510952
591.8   3642.83  0.072848   4862.94  130.712   0.146711  0.00404053
723.3   4453.32  0.0352728   16716.5  206.522   0.124289  0.00170702
873.2   5375.71  0.0531939   8903.1  158.157   0.109024  0.00208167
996.3   6134.1  0.0655827   6844.38  139.851   0.0979249  0.00218639
1004.7   6186.15  0.0475672   11714.7  174.882   0.0966957  0.00159433
1274.5   7846.68  0.039105   18965.6  205.245   0.0811841  0.000967812
1596.4   9829.86  0.260519   824.221  52.6528   0.0694364  0.00446228
