0.167593  6.75999e-07
0.0494758  0.00170907
42.8   254.854  0.0210487   47080.6  375.048   0.327565  0.00765072
86.5   515.953  0.125378   5957.62  273.473   0.679741  0.0317963
105.3   627.425  0.150524   3266.19  199.949   0.535076  0.0334867
123.1   734.199  0.0101421   135340  590.034   0.495282  0.00451241
247.7   1478.63  0.038182   14932.3  228.292   0.322431  0.00529549
591.8   3530.28  0.0761142   5203.19  139.758   0.156976  0.00432029
723.3   4315.88  0.0363868   17735.7  215.851   0.131867  0.00178931
873.2   5210.41  0.0550268   9260.63  160.856   0.113402  0.00212373
996.3   5944.79  0.0644924   7187.65  143.143   0.102836  0.00224741
1004.7   5995.52  0.0477513   12485.4  180.897   0.103057  0.0016583
1274.5   7603.44  0.0378172   20311.2  213.128   0.0869439  0.00101059
1596.4   9525.92  0.223793   923.059  49.5823   0.077763  0.00421237
