0.173051  9.46835e-07
0.0255651  0.00239958
42.8   246.721  0.0278654   37272.3  346.023   0.259324  0.00618174
86.5   499.682  0.179774   5739.1  314.088   0.654808  0.0363175
105.3   608.351  0.26159   2530.87  228.672   0.414613  0.0378475
123.1   711.263  0.013912   108289  547.512   0.396286  0.00375037
247.7   1432.44  0.0549954   11815.6  216.772   0.255132  0.00492466
591.8   3419.01  0.104469   3929.96  127.052   0.118564  0.0038985
723.3   4179.4  0.0480738   14084.3  195.315   0.104718  0.00158228
873.2   5045.82  0.0705145   7270.7  148.104   0.0890344  0.00191773
996.3   5756.92  0.0837637   5742.93  131.627   0.0821661  0.00202323
1004.7   5805.88  0.0625188   9947.49  165.553   0.0821089  0.00148247
1274.5   7364.55  0.0491012   15827.1  189.931   0.0677495  0.000880765
1596.4   9225.04  0.318756   700.749  47.4903   0.0590345  0.0040221
