0.165879  8.808e-07
0.153872  0.00228937
42.8   257.366  0.0272864   44308.4  376.819   0.308278  0.00725851
86.5   520.674  0.175834   6313.07  311.157   0.720296  0.0360887
105.3   634.975  0.232961   2756.67  219.283   0.451606  0.0364
123.1   740.993  0.013904   125551  589.79   0.459458  0.00426251
247.7   1494.14  0.0527001   13661.5  232.268   0.294989  0.00531846
591.8   3566.04  0.102023   4841.54  139.442   0.146065  0.00429717
723.3   4359.41  0.0468178   16336.3  211.054   0.121462  0.00173019
873.2   5263.01  0.0713432   8711.26  163.155   0.106675  0.00213293
996.3   6005.16  0.0860041   6712.5  142.416   0.096038  0.00221334
1004.7   6056.38  0.0614129   11352.4  176.143   0.0937058  0.00159504
1274.5   7682.18  0.050569   16851.2  195.714   0.072133  0.000912109
1596.4   9623.88  0.45386   603.876  44.359   0.0508734  0.00375395
