0.167656  1.05261e-06
0.174694  0.00301946
42.8   254.323  0.0371165   31793.5  330.68   0.221205  0.00537412
86.5   514.582  0.274012   5366.55  335.317   0.612302  0.0386531
105.3   626.459  0.327118   2518.41  239.547   0.412573  0.039608
123.1   733.004  0.0181734   103345  549.14   0.378195  0.00363215
247.7   1478.25  0.0677916   11534.7  223.057   0.249067  0.00504294
591.8   3528.14  0.1185   4088  128.891   0.123331  0.00395833
723.3   4314.14  0.0557615   13676.3  197.062   0.101685  0.00158713
873.2   5207.5  0.0847661   7267.11  152.912   0.0889905  0.00197341
996.3   5941.72  0.101632   5381.03  130.509   0.0769883  0.00199165
1004.7   5992.26  0.0730844   9739.84  165.654   0.080395  0.00147863
1274.5   7599.83  0.0550775   15459.1  187.707   0.0661742  0.000868958
1596.4   9520.89  0.545383   666.676  54.0643   0.056164  0.00457158
