0.162987  8.47896e-07
0.193909  0.00254368
42.8   261.544  0.0379845   28460.3  322.932   0.198014  0.00489382
86.5   529.857  0.217239   5602.6  328.126   0.639235  0.0378773
105.3   645.459  0.288023   2420.45  209.898   0.396524  0.0347702
123.1   753.87  0.0152898   112213  561.199   0.410649  0.00387431
247.7   1520.51  0.0563465   12823.4  224.923   0.276894  0.00513301
591.8   3629.68  0.108261   4416.73  131.331   0.133249  0.004042
723.3   4437.57  0.047655   15513.2  205.747   0.115342  0.00167902
873.2   5356.59  0.0695116   8187.71  155.481   0.100264  0.00202921
996.3   6111.89  0.0852816   6017.53  135.687   0.0860949  0.00209025
1004.7   6163.78  0.0629027   10417.5  168.493   0.0859886  0.00151544
1274.5   7817.37  0.0480379   17110.3  196.537   0.0732424  0.000917545
1596.4   9794.47  0.481731   715.761  58.5373   0.0602992  0.0049495
