0.16879  1.06339e-06
0.0655625  0.00261878
42.8   252.421  0.050174   14499.8  248.111   0.100883  0.0028082
86.5   512.437  0.218087   4948.19  327.873   0.564568  0.0377525
105.3   623.945  0.256094   1786  192.271   0.292588  0.0317272
123.1   728.88  0.0141594   87560.2  494.616   0.32043  0.00313808
247.7   1468.39  0.0506133   11621.2  213.297   0.250935  0.00484552
591.8   3505.24  0.104016   4199.85  128.256   0.126706  0.00394334
723.3   4285.24  0.0484185   14871.6  203.64   0.110572  0.00165306
873.2   5172.94  0.074339   7792.94  156.027   0.0954296  0.00202406
996.3   5902.17  0.0943916   5983.95  137.984   0.0856144  0.00211922
1004.7   5952.09  0.0699679   10122.3  171.301   0.0835515  0.00153015
1274.5   7549.64  0.0634279   14246.7  184.815   0.0609844  0.000847848
1596.4   9461.85  0.493563   324.842  47.7115   0.0273662  0.00402401
