0.361114  1.62485e-06
0.0334883  0.00239994
42.8   118.312  0.0156155   82336.9  638.156   0.451729  0.0104975
86.5   239.481  0.0867684   12952.5  519.539   1.10161  0.0452853
105.3   291.89  0.141837   5923.22  396.616   0.723328  0.0493381
123.1   340.792  0.00655349   286376  915.191   0.828275  0.00713533
247.7   686.268  0.0265419   31912.5  405.668   0.544604  0.00765536
591.8   1637.97  0.0449473   10172  215.974   0.242538  0.00535131
723.3   2002.97  0.0199747   36882.8  324.488   0.216732  0.00230798
873.2   2418.19  0.0279135   19431.9  247.048   0.188065  0.00272943
996.3   2758.9  0.0329114   14958.2  225.618   0.169141  0.00297084
1004.7   2782.45  0.0234335   25867.4  275.292   0.168749  0.00214956
1274.5   3528.96  0.0174782   41860.7  314.953   0.141619  0.00127935
1596.4   4423.32  0.108701   1663.25  76.1035   0.110742  0.00512605
