0.161925  6.46822e-07
0.124389  0.00270039
42.8   263.758  0.17544   12207.6  963.871   0.0669752  0.00548793
86.5   534.644  0.27007   2599.56  317.911   0.221092  0.0271114
105.3   649.855  0.465869   2289.03  324.406   0.27953  0.0397819
123.1   759.377  0.0156998   94425  560.563   0.273102  0.00272066
247.7   1529.63  0.0455586   18900.1  323.949   0.32254  0.00585731
591.8   3652.5  0.0696242   9099.87  203.218   0.216975  0.00501731
723.3   4466.53  0.0310532   32544.4  301.109   0.191239  0.00210887
873.2   5392.02  0.0464315   17079.1  255.695   0.165294  0.0027318
996.3   6151.75  0.0550632   13812.2  248.053   0.156182  0.00313739
1004.7   6204.1  0.0389944   24108.5  292.261   0.157275  0.00220162
1274.5   7869.96  0.0308116   40363.6  360.67   0.136554  0.00139822
1596.4   9860.08  0.206649   1556.83  86.7399   0.103657  0.00582069
