0.16604  5.08931e-07
0.121886  0.00127463
42.8   257.569  0.0162302   115282  709.575   0.63248  0.0143928
86.5   521.272  0.0966286   11920.3  403.04   1.01382  0.0354721
105.3   633.274  0.131168   7047.72  367.167   0.860649  0.0462123
123.1   740.469  0.00753924   333165  930.21   0.9636  0.0081648
247.7   1492.24  0.0294408   36725.4  403.822   0.626739  0.00785065
591.8   3562.69  0.057328   12482  225.799   0.297618  0.00567232
723.3   4355.3  0.0271153   42834.1  340.396   0.251703  0.00250634
873.2   5257.89  0.04074   22439.9  287.155   0.217177  0.00316777
996.3   5999.72  0.0488839   17809.9  289.023   0.201387  0.00373711
1004.7   6050.73  0.0356327   29986.5  329.22   0.195621  0.0025471
1274.5   7675.07  0.0298686   47316.7  414.479   0.160077  0.00161458
1596.4   9615.72  0.187337   1811.8  111.739   0.120633  0.00748757
