0.377677  1.82566e-06
0.0242161  0.00267137
42.8   113.295  0.0187271   61618.6  552.668   0.338062  0.00800287
86.5   229.118  0.0912894   15212.3  583.821   1.2938  0.0510009
105.3   278.821  0.139884   6611  485.665   0.807318  0.0602296
123.1   325.85  0.00684787   301247  944.705   0.871286  0.00748669
247.7   656.253  0.0283453   32840.6  428.649   0.560442  0.008051
591.8   1566.81  0.0476658   10475.6  222.595   0.249778  0.00551504
723.3   1915.04  0.0197186   39112.6  337.764   0.229835  0.00241682
873.2   2311.87  0.028607   20356.1  255.48   0.19701  0.00283116
996.3   2637.8  0.0338538   15213.1  228.536   0.172023  0.00301248
1004.7   2660.33  0.0247776   26824.8  285.318   0.174995  0.00222823
1274.5   3374.41  0.0174634   44398.2  325.615   0.150204  0.00133324
1596.4   4228.95  0.105763   1856.84  80.4104   0.123632  0.00542335
