0.170758  4.87753e-07
0.0823572  0.00127802
42.8   250.233  0.0215059   113343  912.633   0.621841  0.0145142
86.5   506.315  0.0828957   11766.4  396.33   1.00073  0.0348903
105.3   616.312  0.127411   7943.58  378.132   0.970049  0.0478675
123.1   720.279  0.00701604   354636  958.446   1.0257  0.00866121
247.7   1451.71  0.0271327   38592.9  406.233   0.658609  0.00797975
591.8   3464.33  0.0538961   12831.4  229.939   0.305949  0.00578176
723.3   4236.24  0.0248267   44225.8  344.945   0.259881  0.00255735
873.2   5113.6  0.036652   22865.9  276.45   0.2213  0.00309163
996.3   5834.27  0.0452608   18022.8  269.377   0.203794  0.0035556
1004.7   5883.81  0.0326172   30533  319.131   0.199186  0.00250566
1274.5   7462.29  0.0256097   49555.1  390.267   0.16765  0.00156394
1596.4   9349.18  0.150457   2075.44  92.1077   0.138187  0.00620851
