0.16572  4.53638e-07
0.27088  0.00113919
42.8   257.624  0.0167547   145999  940.274   0.801003  0.0182908
86.5   521.319  0.073628   12658.8  387.461   1.07663  0.0343485
105.3   634.073  0.102654   7688.77  346.921   0.938932  0.0440885
123.1   740.933  0.00656178   354821  950.033   1.02624  0.0086575
247.7   1493.87  0.0258755   38136.6  399.784   0.650821  0.007861
591.8   3569.15  0.0522555   13148.3  232.215   0.313504  0.00584768
723.3   4363.83  0.0243745   44453.8  342.601   0.261221  0.00255137
873.2   5267.73  0.036347   23074.1  275.741   0.223315  0.0030928
996.3   6010.06  0.0445597   18118.8  270.532   0.20488  0.00357182
1004.7   6061.29  0.0330377   30471.1  321.703   0.198782  0.00251806
1274.5   7688.44  0.0262891   48418.9  381.098   0.163806  0.00152745
1596.4   9632.06  0.160743   1963.71  98.6252   0.130747  0.00663011
