0.179403  2.97755e-06
0.0107243  0.0156674
123.1   685.991  0.139708   7369.44  338.053   0.0213144  0.000992495
247.7   1381.6  0.132598   7011.02  303.946   0.119647  0.00523645
591.8   3297.89  0.13216   4426.77  171.055   0.105551  0.00412747
723.3   4031.55  0.0562306   16119.6  230.688   0.0947226  0.0014699
873.2   4867.04  0.0810747   8931.52  227.967   0.0864408  0.00228778
996.3   5553.19  0.100215   6286.81  195.41   0.0710887  0.00230038
1004.7   5600.32  0.0733155   11811.9  269.769   0.0770566  0.00184068
1274.5   7104.14  0.0568461   19751.6  359.49   0.0668218  0.00126125
