0.168879  8.87418e-07
0.0604402  0.00334372
123.1   728.481  0.018395   85738.6  545.621   0.247979  0.00253494
247.7   1467.14  0.0512378   18291.8  333.594   0.312159  0.00599314
591.8   3503.13  0.0837488   8819.19  212.435   0.210283  0.00522002
723.3   4282.67  0.0371978   30942.3  299.778   0.181824  0.00207202
873.2   5170.15  0.057465   15789.4  272.023   0.152812  0.0028417
996.3   5899.1  0.0681692   12323.9  272.265   0.139354  0.00332433
1004.7   5949.26  0.0498494   21375.8  320.946   0.139447  0.0023101
1274.5   7546.25  0.0409498   33850.9  440.439   0.114521  0.00159629
