0.173625  1.10431e-06
0.291873  0.00375896
123.1   707.291  0.0196993   101749  600.818   0.294286  0.00292615
247.7   1425.51  0.0649332   17221.1  373.297   0.293888  0.00661005
591.8   3405.55  0.105718   7922.28  216.864   0.188897  0.00529361
723.3   4164.41  0.0449598   27882.8  296.333   0.163846  0.00199966
873.2   5027.53  0.0698028   13433  268.425   0.130007  0.00275265
996.3   5735.92  0.0882335   12226.3  352.531   0.13825  0.00417596
1004.7   5784.92  0.0607609   18896.9  371.158   0.123276  0.00257047
1274.5   7339  0.0506386   29519  448.375   0.099866  0.00159697
