0.165288  4.33382e-07
0.165337  0.00103812
42.8   258.68  0.0149788   110707  672.397   0.60738  0.0138083
86.5   523.206  0.0610666   10875.4  332.514   0.92495  0.0294801
105.3   636.327  0.0912507   6947.85  321.152   0.848453  0.0407397
123.1   743.517  0.00597694   322316  903.686   0.932222  0.00790252
247.7   1498.78  0.0233583   35698.4  374.127   0.609213  0.00735698
591.8   3578.57  0.0479844   12181.9  214.491   0.290462  0.00540306
723.3   4375.98  0.0232377   42300.7  332.672   0.248569  0.00245882
873.2   5282.43  0.034809   21954.1  262.006   0.212476  0.00293975
996.3   6027.13  0.0440969   17226.2  256.719   0.194788  0.00339117
1004.7   6078.41  0.0313769   29507.1  302.288   0.192493  0.0023884
1274.5   7708.47  0.0256524   47494.3  365.618   0.160678  0.00147493
1596.4   9657.65  0.155049   1916.73  85.5993   0.127619  0.00576893
