0.172917  9.49354e-07
0.269668  0.00455478
123.1   710.045  0.0274774   38417  422.906   0.111112  0.00151203
247.7   1431.71  0.0506639   15548.6  316.748   0.265345  0.00563505
591.8   3420.08  0.0688931   8323.01  195.319   0.198452  0.00480695
723.3   4181.77  0.0308405   29523.7  290.524   0.173488  0.00199951
873.2   5048.39  0.0464187   15934.2  240.923   0.154214  0.00256946
996.3   5759.94  0.0543137   12538.3  231.454   0.141778  0.00291168
1004.7   5808.94  0.0387868   21579.8  268.756   0.140778  0.00201123
1274.5   7368.83  0.0301322   35120.4  315.515   0.118816  0.00122161
