0.157958  4.52758e-07
0.155686  0.00120043
42.8   270.195  0.0202158   124107  913.999   0.680896  0.0157373
86.5   547.19  0.0830936   11984  393.485   1.01924  0.0347003
105.3   665.176  0.126441   7465.03  365.293   0.91161  0.046156
123.1   778.252  0.00713493   337530  931.092   0.976226  0.00826106
247.7   1568.02  0.0281568   36297.3  393.469   0.619434  0.00767471
591.8   3745.24  0.0562972   12412.2  221.419   0.295955  0.00557009
723.3   4578.21  0.0264406   42511.2  337.249   0.249806  0.00248473
873.2   5526.83  0.0398609   22017.3  280.993   0.213087  0.00310171
996.3   6306.37  0.0497367   16982  272.404   0.192026  0.00353194
1004.7   6359.96  0.0357035   29178.5  318.717   0.19035  0.0024695
1274.5   8067.39  0.0285915   46178.3  392.124   0.156226  0.00153949
1596.4   10106.1  0.178873   1752.76  91.2968   0.116702  0.00613334
