0.375033  1.69942e-06
0.154035  0.00231099
42.8   113.885  0.0136756   89695.6  647.208   0.492102  0.0113506
86.5   230.438  0.0830228   16196.4  602.135   1.3775  0.0526908
105.3   280.537  0.128258   6835.04  465.076   0.834676  0.0578211
123.1   327.776  0.00613603   307554  944.95   0.889526  0.00762299
247.7   660.123  0.0260398   33547.7  423.953   0.57251  0.00800904
591.8   1576.63  0.0438528   10804.2  221.167   0.257612  0.00549531
723.3   1928.47  0.0195713   39251.5  339.491   0.230651  0.00242795
873.2   2328.33  0.0274028   20244.4  254.592   0.195928  0.00281997
996.3   2656.11  0.0333362   15060.2  232.502   0.170294  0.00304316
1004.7   2678.77  0.023282   26729.8  282.134   0.174375  0.0022085
1274.5   3397.67  0.0174086   43265.2  327.139   0.146371  0.00132684
1596.4   4258.32  0.112922   1781.05  77.0454   0.118585  0.00519654
