0.172032  4.68739e-07
0.224187  0.00121254
42.8   248.125  0.0184344   103108  743.303   0.565689  0.0130468
86.5   502.383  0.0753468   10766.3  357.602   0.915669  0.0315107
105.3   611.034  0.109441   7222.81  342.199   0.882031  0.043333
123.1   714.132  0.00669666   324227  917.017   0.937749  0.00795703
247.7   1438.31  0.0262733   36079.7  389.081   0.61572  0.00759841
591.8   3438.23  0.0500058   12162.6  216.219   0.290001  0.00544119
723.3   4204.01  0.0234498   43265.9  337.305   0.254241  0.00250113
873.2   5075.43  0.0356133   22127  268.421   0.214149  0.00299931
996.3   5790  0.0426687   17731.3  255.916   0.200499  0.00341031
1004.7   5839.29  0.0305994   30481.5  308.944   0.19885  0.00244939
1274.5   7406.34  0.0244753   48837.5  367.873   0.165223  0.00149378
1596.4   9279.01  0.138891   2142.39  90.8345   0.142644  0.00612979
