0.162454  4.07589e-07
0.101837  0.000997511
42.8   263.298  0.0144647   116664  702.223   0.640058  0.014542
86.5   532.707  0.0663625   10744.1  335.752   0.913787  0.0297163
105.3   647.331  0.0940058   7585.83  323.3   0.926362  0.0412764
123.1   756.969  0.00585218   327306  908.105   0.946656  0.00801577
247.7   1525.23  0.0233799   36038.2  373.657   0.615012  0.00736738
591.8   3641.63  0.0497243   12245.9  220.106   0.291989  0.00553284
723.3   4452.01  0.0226524   42812.3  332.067   0.251575  0.00246699
873.2   5374.06  0.0357594   22570.7  267.162   0.218444  0.00300395
996.3   6132.08  0.0419879   17639.5  254.539   0.199461  0.00339216
1004.7   6184.29  0.0306354   30058.7  300.654   0.196091  0.00239396
1274.5   7844.37  0.0247424   48376.9  358.6   0.163664  0.00146337
1596.4   9827.07  0.14663   1965.02  89.5865   0.130834  0.00603472
