0.180608  9.49814e-07
0.125355  0.00366269
42.8   234.582  0.086226   4700.16  481.122   0.0257868  0.00269939
86.5   479.325  0.42646   2213.84  360.15   0.188287  0.0306775
105.3   584.14  0.68889   1700.54  415.238   0.207666  0.0507796
123.1   681.101  0.0197952   69061.8  512.698   0.199745  0.00217999
247.7   1371.28  0.0523962   17035.6  330.675   0.290722  0.00590659
591.8   3274.8  0.0745955   8749.28  206.195   0.208616  0.0050733
723.3   4003.32  0.0336331   30377.9  296.258   0.178508  0.00204397
873.2   4834.4  0.051463   16297  261.498   0.157725  0.00276117
996.3   5515.19  0.0631044   12663.6  270.872   0.143195  0.003323
1004.7   5562.22  0.0436935   21459.6  280.213   0.139994  0.00207411
1274.5   7056.51  0.0362335   34911  344.862   0.118108  0.00130764
1596.4   8840.29  0.232768   1278.24  92.6293   0.0851076  0.00619613
