0.162206  6.72123e-07
0.0530691  0.00303834
123.1   758.176  0.0182056   49337.8  429.957   0.142698  0.00168808
247.7   1527.99  0.0416045   14474.7  276.38   0.247018  0.00494396
591.8   3647.26  0.0663951   7351.96  178.709   0.175299  0.00438899
723.3   4459.68  0.0293799   26059.5  266.808   0.153132  0.00181721
873.2   5383.31  0.0435687   14220  213.946   0.137623  0.00228375
996.3   6142.22  0.0515634   11200.1  202.125   0.126646  0.00255401
1004.7   6194.46  0.0376912   19642.7  245.692   0.128141  0.00183672
1274.5   7855.96  0.0297789   32878.1  299.701   0.11123  0.00115643
1596.4   9840.71  0.178393   1276.58  70.545   0.0849971  0.00473454
