0.162898  4.49015e-07
0.124049  0.00127963
42.8   262.481  0.0265532   93533.2  937.388   0.513157  0.0123627
86.5   530.997  0.0864577   9931  366.011   0.84463  0.0320439
105.3   645.778  0.12381   7615.53  370.748   0.929989  0.0468612
123.1   754.813  0.00726941   299911  888.396   0.867421  0.0073998
247.7   1520.62  0.027991   34266.9  385.632   0.584783  0.00745793
591.8   3630.44  0.0556605   12050.8  223.213   0.287338  0.0055945
723.3   4440.1  0.0251504   42041.7  334.53   0.247047  0.002462
873.2   5359.99  0.0368033   22433.5  273.789   0.217115  0.00305469
996.3   6115.51  0.0451741   17884.9  262.54   0.202235  0.00348224
1004.7   6167.59  0.0327728   29729.5  311.666   0.193944  0.00244478
1274.5   7822.44  0.0253907   49006.4  375.531   0.165794  0.00151699
1596.4   9800.61  0.155174   2075.22  94.7771   0.138172  0.00638411
