0.171043  4.84276e-07
0.102648  0.00121658
42.8   250.164  0.018314   114619  811.057   0.628839  0.0144773
86.5   505.777  0.0790607   11834.4  390.018   1.00651  0.0343857
105.3   615.173  0.106799   7923.58  357.818   0.967607  0.0454703
123.1   718.999  0.00671481   352714  956.191   1.02014  0.00861698
247.7   1448.11  0.0288785   39123  410.572   0.667655  0.00807096
591.8   3458.02  0.0509582   13837  236.298   0.329927  0.00597187
723.3   4228.51  0.0238671   48039.6  357.182   0.282292  0.00269706
873.2   5104.46  0.0368399   24768.1  289.908   0.23971  0.00326925
996.3   5823.7  0.0445639   19559.2  293.632   0.221168  0.00387122
1004.7   5873.28  0.0320807   33629.9  342.1   0.219389  0.00270907
1274.5   7450.79  0.0261204   53713.9  417.634   0.18172  0.00167983
1596.4   9335.51  0.159139   2191  99.1597   0.14588  0.00668073
