0.164347  2.89898e-06
-0.0129783  0.0172166
123.1   748.352  0.168975   8499.98  363.141   0.0245842  0.00106855
247.7   1508.13  0.18404   6956.12  387.021   0.11871  0.00664302
591.8   3599.27  0.169185   4341.09  184.545   0.103508  0.00444385
723.3   4401.45  0.0646702   16051.1  233.309   0.0943202  0.00148319
873.2   5313.29  0.0973943   8665.98  277.3   0.0838709  0.00274722
996.3   6062.05  0.114423   7354.48  317.77   0.0831615  0.00367034
1004.7   6113.56  0.0804499   12475.2  323.921   0.0813834  0.00218858
1274.5   7754.87  0.0604666   19995  386.069   0.0676453  0.00134919
1596.4   9715.25  0.467977   909.604  207.684   0.060563  0.0138344
