0.167319  8.99322e-07
0.288568  0.00283123
42.8   255.252  0.176934   112219  6205.31   0.615672  0.0366191
86.5   515.551  0.354164   17021.8  1858.2   1.4477  0.158576
105.3   628.705  0.423226   7143.66  867.861   0.872365  0.106586
123.1   733.821  0.0151758   343237  1009.5   0.992731  0.00846155
247.7   1480.36  0.0635732   36955.9  859.629   0.630673  0.0151502
591.8   3534.66  0.108736   12938.6  297.587   0.308504  0.00733305
723.3   4322.42  0.0458779   44649.4  373.119   0.262371  0.00269915
873.2   5217.34  0.0709105   23076.2  643.62   0.223335  0.00642225
996.3   5952.97  0.0883812   18915.9  905.607   0.213893  0.0104196
1004.7   6003.62  0.0592364   30711.4  696.526   0.200349  0.00475538
1274.5   7614.34  0.0453156   52826.5  1232.38   0.178718  0.00426395
1596.4   9539.35  0.279385   1723.75  217.917   0.11477  0.0145315
