0.166418  4.46183e-07
0.246725  0.0011994
42.8   256.632  0.0194659   96820  757.097   0.531189  0.0123563
86.5   519.21  0.0914531   10153.2  376.337   0.863531  0.0329374
105.3   631.928  0.116846   6495.11  327.256   0.793165  0.0412724
123.1   738.026  0.00680405   298844  881.454   0.864335  0.00736969
247.7   1487.79  0.0270392   34115.2  376.502   0.582194  0.00731338
591.8   3553.1  0.0512527   11902.9  218.237   0.283809  0.00547515
723.3   4345.38  0.0240287   40945  327.936   0.240602  0.00240779
873.2   5245.87  0.0354218   21790.7  265.409   0.210894  0.00296267
996.3   5985.3  0.043076   17239.7  250.285   0.19494  0.00332982
1004.7   6036.28  0.031449   29365.2  302.704   0.191568  0.002387
1274.5   7656.41  0.0247324   47728.1  364.656   0.161469  0.00147437
1596.4   9591.47  0.145866   1960.33  83.3487   0.130522  0.00562421
