0.176074  2.09261e-06
0.242699  0.0107066
123.1   699  0   12.533  0   3.62487e-05  2.8999e-07
247.7   1406.84  0.058766   11599.2  280.369   0.197946  0.00492984
591.8   3357.37  0.0877989   6213  179.277   0.148141  0.00436608
723.3   4105.99  0.0403151   22630  260.145   0.132979  0.00172437
873.2   4957.65  0.0641064   11512.3  228.048   0.111418  0.00234083
996.3   5656.87  0.0781316   8861.56  231.233   0.100203  0.00276585
1004.7   5704.93  0.0556579   15465  253.601   0.100888  0.00179882
1274.5   7237.58  0.0476595   24029.4  309.493   0.0812941  0.00112318
1596.4   9068.54  0.331674   935.263  106.303   0.0622714  0.00709123
