0.167887  5.80918e-07
0.115249  0.00141286
42.8   254.718  0.0186656   101502  697.062   0.556876  0.0127854
86.5   515.42  0.101933   10784.1  398.59   0.917187  0.0348906
105.3   626.443  0.136406   6641.14  365.432   0.810999  0.0458541
123.1   732.362  0.0081376   318400  921.303   0.920896  0.00783425
247.7   1475.75  0.0327645   35904.7  419.692   0.612734  0.00805071
591.8   3523.42  0.0649488   12262.4  236.638   0.292382  0.00590877
723.3   4308.18  0.0293836   42306.2  340.566   0.248601  0.00249597
873.2   5201.01  0.045865   21584.9  291.662   0.208902  0.00317904
996.3   5933.85  0.0552062   17393.6  324.309   0.19668  0.00407203
1004.7   5984.17  0.0399905   29547  369.224   0.192754  0.00276085
1274.5   7589.91  0.0336379   45403  469.599   0.153603  0.0017646
1596.4   9508.34  0.203355   2457.36  147.927   0.163615  0.00991559
