0.164723  7.04493e-07
0.11484  0.0015926
42.8   259.406  0.0269212   106215  1041.82   0.582733  0.0139876
86.5   525.375  0.117193   11001.5  432.127   0.935675  0.0377048
105.3   638.29  0.148252   7187.96  373.292   0.877775  0.0469919
123.1   746.532  0.00885464   316579  923.035   0.915629  0.00779636
247.7   1504.37  0.0362851   33830.8  427.694   0.577341  0.00807915
591.8   3590.43  0.0790436   11136.1  241.552   0.265527  0.00597579
723.3   4390.03  0.0366361   39630.8  346.398   0.23288  0.00246895
873.2   5300.12  0.0590604   17800.9  302.962   0.17228  0.00317043
996.3   6047.42  0.0705326   15031.6  407.367   0.169971  0.00485372
1004.7   6099.07  0.0514206   24523.3  402.99   0.15998  0.00285753
1274.5   7736.57  0.0432632   37770  569.741   0.12778  0.00203062
1596.4   9694.35  0.276701   1897.72  299.831   0.126354  0.0199828
