0.157811  7.87134e-07
0.137483  0.00203989
42.8   270.806  0.0256001   39935.6  356.247   0.0399019  0.00094563
86.5   547.719  0.158372   4255.89  242.324   0.069733  0.00401979
105.3   666.501  0.206905   2374.45  187.166   0.0558617  0.00446279
123.1   778.991  0.0129346   102651  524.427   0.0539472  0.000512072
247.7   1569.57  0.0500312   11094  207.161   0.0344011  0.000674731
591.8   3748.56  0.104063   3777.25  124.046   0.016365  0.00054633
723.3   4582.74  0.0474368   12775.4  184.282   0.0136408  0.000213108
873.2   5532.41  0.0713651   6688.32  141.593   0.0117619  0.00026226
996.3   6312.31  0.0858309   5171.97  126.566   0.0106266  0.000277078
1004.7   6365.91  0.0630301   8986.42  156.765   0.0106523  0.000200227
1274.5   8075  0.0502933   14438.8  182.988   0.00887594  0.000120926
1596.4   10117.1  0.326141   608.955  44.1739   0.00736727  0.000536908
