0.164083  1.33199e-06
0.112125  0.00415953
42.8   260.205  0.0500619   22803.2  300.59   0.022784  0.000583476
86.5   526.892  0.37653   3613.46  315.658   0.0592067  0.00519946
105.3   640.865  0.491273   1663.24  248.866   0.0391298  0.00587693
123.1   749.436  0.0261051   75597.1  501.081   0.0397291  0.000412752
247.7   1510.09  0.0991407   8551.38  219.757   0.0265169  0.000699769
591.8   3604.8  0.165009   2921.25  116.356   0.0126564  0.000509804
723.3   4407.89  0.072675   9726.89  169.939   0.0103858  0.000191853
873.2   5321.21  0.106123   5099.83  131.382   0.0089684  0.000239422
996.3   6071.38  0.132452   3905.55  116.172   0.00802452  0.000249379
1004.7   6122.81  0.0934283   7161.62  145.609   0.00848919  0.000182545
1274.5   7766.21  0.0726961   11365.7  164.609   0.00698677  0.00010705
1596.4   9729.99  0.672608   500.159  57.3011   0.00605103  0.000694534
