0.170196  9.12223e-07
0.185566  0.00205144
42.8   250.945  0.0302895   24908.2  297.453   0.0248872  0.000622016
86.5   507.641  0.151539   4189.12  275.934   0.068639  0.00456321
105.3   618.326  0.181357   2035.93  182.167   0.0478977  0.0043307
123.1   722.029  0.0112599   94864.9  507.187   0.0498551  0.000479709
247.7   1455.2  0.0448527   11012.7  213.579   0.0341491  0.000693256
591.8   3475.63  0.0933121   4133.67  127.657   0.0179093  0.000563418
723.3   4249.21  0.0450591   14170.5  196.64   0.0151304  0.000228746
873.2   5130.21  0.070435   7551.26  150.789   0.0132794  0.000280993
996.3   5852.88  0.0832328   5958.69  132.987   0.012243  0.000294622
1004.7   5902.64  0.0623123   10357.7  167.398   0.0122777  0.000216242
1274.5   7486.42  0.0518278   16951  197.68   0.0104202  0.000132217
1596.4   9378.6  0.358918   799.074  49.9294   0.00966737  0.000607835
