0.164874  1.03179e-06
0.0898317  0.00240761
42.8   259.217  0.0314769   27068  306.266   0.0270452  0.000668012
86.5   524.913  0.173013   3271.81  215.387   0.0536088  0.00356195
105.3   638.071  0.2519   1935.93  189.071   0.0455451  0.00448737
123.1   745.955  0.014123   79368.1  471.765   0.041711  0.000415713
247.7   1503.08  0.0536991   8998.68  192.365   0.0279039  0.000619552
591.8   3588.18  0.112488   3020.39  106.232   0.0130859  0.000466903
723.3   4386.79  0.0541841   10698.1  171.681   0.0114228  0.000195704
873.2   5295.62  0.0826384   5537.87  129.326   0.00973874  0.000237426
996.3   6042.77  0.106013   4157.09  114.912   0.00854135  0.000248303
1004.7   6093.59  0.0749742   7491.57  143.923   0.0088803  0.000181574
1274.5   7728.93  0.0627598   11816.6  166.497   0.007264  0.000108603
1596.4   9682.88  0.418786   558.473  44.7238   0.00675652  0.000543142
