0.37573  3.32e-06
0.068305  0.00441806
42.8   114.059  0.0243673   21732.7  271.776   0.0217144  0.000548667
86.5   230.193  0.150532   4507.27  311.075   0.0738519  0.00514013
105.3   279.753  0.31506   1437.73  234.423   0.0338242  0.00553258
123.1   327.357  0.0118659   70202.9  471.5   0.0368943  0.000385378
247.7   659.304  0.0491701   6541.15  188.191   0.0202834  0.000596114
591.8   1573.86  0.0814789   2575.46  110.77   0.0111582  0.000484562
723.3   1924.67  0.0385142   9028.64  168.105   0.00964024  0.000188582
873.2   2324.28  0.0518141   4767.49  122.634   0.00838397  0.000223504
996.3   2651.68  0.0612509   3731.95  113.19   0.00766783  0.000242588
1004.7   2674.17  0.0450247   6307.14  135.333   0.00747631  0.00016874
1274.5   3391.68  0.0342097   10231.3  157.978   0.00628946  0.000102078
1596.4   4251.13  0.280576   372.991  58.2576   0.00451253  0.00070552
