0.367514  3.12428e-06
0.0491825  0.00432235
42.8   116.467  0.0237879   20821.2  264.801   0.0208037  0.000527858
86.5   235.139  0.147261   4236.48  283.639   0.069415  0.00468925
105.3   286.527  0.287949   1466.25  239.844   0.0344952  0.0056604
123.1   334.772  0.0119996   65038.9  451.105   0.0341804  0.000361904
247.7   674.095  0.0459473   6751.48  183.724   0.0209356  0.000583391
591.8   1609.34  0.0767133   2568.41  109.954   0.0111277  0.000481033
723.3   1968.02  0.0362446   8677.83  161.096   0.00926566  0.00018077
873.2   2376.08  0.0514315   4633  118.924   0.00814745  0.000216773
996.3   2710.68  0.0602788   3589.89  107.419   0.00737594  0.000230474
1004.7   2733.68  0.0446286   6066.56  132.655   0.00719114  0.000165107
1274.5   3467.66  0.0332119   9832.77  151.849   0.00604446  9.81161e-05
1596.4   4347.84  0.291409   360.229  53.2669   0.00435812  0.000645156
