0.389526  2.74557e-06
-3.81138  0.0016204
42.8   121  0.00411436   29136.6  290.165   0.029112  0.000701858
86.5   222.758  0.157902   3794.55  297.112   0.0621739  0.00490025
105.3   271.61  0.195812   1612.41  196.143   0.0379339  0.00464077
123.1   317.124  0.0104337   70516.1  474.418   0.0370589  0.000387373
247.7   638.911  0.0406279   7333.07  192.321   0.022739  0.000611775
591.8   1525.72  0.0770396   2690.18  114.212   0.0116553  0.000499745
723.3   1865.15  0.0324118   9478.14  166.352   0.0101202  0.000187713
873.2   2252.18  0.0469528   4760.54  120.872   0.00837173  0.000220492
996.3   2569.55  0.0584859   3807.05  112.221   0.00782215  0.000241081
1004.7   2591.3  0.0407023   6659.47  139.297   0.00789395  0.000174119
1274.5   3286.65  0.0314785   10714.9  161.889   0.00658674  0.000104826
1596.4   4119.24  0.237791   363.044  52.212   0.00439219  0.000632419
