0.364991  2.79871e-06
0.0609204  0.00409711
42.8   117.176  0.0273907   13146.2  217.088   0.0131352  0.000360859
86.5   237.417  0.157975   3563.89  282.253   0.0583946  0.0046545
105.3   288.5  0.247794   1078.14  184.244   0.0253644  0.00434709
123.1   337.073  0.0109785   65440.8  454.047   0.0343916  0.000364194
247.7   678.862  0.0438904   6832.01  183.844   0.0211853  0.000584078
591.8   1621.08  0.0698739   2794.26  110.994   0.0121062  0.000486339
723.3   1981.55  0.0319623   9391.11  164.804   0.0100273  0.000185969
873.2   2392.19  0.0463979   4836.21  121.898   0.00850481  0.00022248
996.3   2729.19  0.054388   3860.63  109.532   0.00793224  0.000236101
1004.7   2752.38  0.0386293   6395.76  135.777   0.00758135  0.00016947
1274.5   3491.78  0.0297888   10597.3  156.524   0.00651442  0.000101583
1596.4   4375.73  0.207031   374.701  41.8068   0.00453322  0.000506782
