0.16917  6.8195e-07
0.245213  0.00156813
42.8   252.521  0.0219791   36282.9  337.156   0.0362523  0.000864303
86.5   511.176  0.101054   5048.42  253.109   0.0827186  0.0042135
105.3   621.299  0.128594   2711.71  182.72   0.0637963  0.00437798
123.1   725.926  0.00888698   117338  547.735   0.0616654  0.000571164
247.7   1464.08  0.0345562   13447.9  219.696   0.0417005  0.000725745
591.8   3496.23  0.073709   4461.69  127.412   0.0193304  0.000564067
723.3   4275.18  0.0348044   15733.1  201.781   0.0167988  0.000237861
873.2   5160.44  0.0531088   8323.33  149.799   0.0146372  0.000282656
996.3   5888.23  0.0664351   6374.05  134.837   0.0130964  0.000301074
1004.7   5938.35  0.0498671   10724.4  168.17   0.0127124  0.000218304
1274.5   7531.23  0.0401122   17718.6  201.186   0.0108921  0.000135135
1596.4   9435.76  0.323588   756.444  52.2328   0.00915162  0.000635163
