0.169698  9.8585e-07
-0.0622915  0.00266581
42.8   252.036  0.0340085   33227.1  345.675   0.0331991  0.000806602
86.5   510.021  0.203116   4972.86  278.616   0.0814807  0.00462367
105.3   621.311  0.33429   2443.37  244.227   0.0574831  0.00579413
123.1   725.858  0.0155167   102414  535.859   0.0538224  0.000514495
247.7   1461.13  0.0612566   11593  223.986   0.0359486  0.000727276
591.8   3486.95  0.111661   3832.37  125.979   0.0166038  0.000554824
723.3   4262  0.0518773   13142.1  191.913   0.0140323  0.000221536
873.2   5146.13  0.0754948   7056.1  147.084   0.0124086  0.000272853
996.3   5871.41  0.0898063   5378.36  127.511   0.0110506  0.000280232
1004.7   5921.27  0.067283   9202.92  158.589   0.0109089  0.000202905
1274.5   7510.72  0.0520737   14707.7  183.403   0.0090412  0.000121468
1596.4   9408.11  0.347954   643.516  49.4414   0.0077854  0.00060063
