0.135802  1.50161e-06
0.0633844  0.00663346
42.8   314.932  0.0903704   31014.5  428.772   0.0309884  0.00080402
86.5   636.681  0.639517   5105.84  498.118   0.0836595  0.00819635
105.3   775.361  2.16862   3757.49  1645.86   0.0883994  0.0387378
123.1   905.835  0.0525277   89142.4  802.873   0.0468477  0.000564354
247.7   1824.84  0.182157   9502.8  345.149   0.0294671  0.00108477
591.8   4356.9  0.29258   3557.53  166.304   0.0154131  0.000726428
723.3   5325.56  0.118249   12538.8  208.599   0.0133882  0.000236773
873.2   6428.88  0.174912   5625.28  210.91   0.00989245  0.00037731
996.3   7336.24  0.210612   4589.94  155.41   0.00943069  0.000330401
1004.7   7398.33  0.148214   8256.17  193.789   0.00978664  0.00023971
1274.5   9384.46  0.107254   13171.8  190.28   0.00809708  0.000123778
1596.4   11753.6  2.80631   460.182  98.3307   0.00556738  0.00119026
