0.173053  9.47299e-07
0.0205721  0.00240419
42.8   246.846  0.0280711   39667.3  364.934   0.0396339  0.000943501
86.5   499.682  0.179774   5739.1  314.088   0.0940354  0.00521547
105.3   608.351  0.26159   2530.87  228.672   0.0595417  0.00543519
123.1   711.263  0.013912   108289  547.512   0.0569097  0.000538582
247.7   1432.43  0.0556201   11912.9  222.937   0.0369406  0.000725967
591.8   3419.01  0.104477   3929.97  127.089   0.0170267  0.000560015
723.3   4179.4  0.0480738   14084.3  195.315   0.0150383  0.000227228
873.2   5045.82  0.0705145   7270.7  148.104   0.012786  0.0002754
996.3   5756.92  0.0837674   5742.92  131.653   0.0117997  0.000290599
1004.7   5805.88  0.0625153   9947.51  165.518   0.0117915  0.000212856
1274.5   7364.55  0.0491012   15827.1  189.931   0.00972935  0.000126485
1596.4   9225.04  0.318756   700.749  47.4902   0.00847781  0.000577604
