0.171929  6.97728e-07
0.178639  0.00167262
42.8   248.268  0.019872   53367.6  402.816   0.0533227  0.00123799
86.5   502.628  0.0995525   7144.65  275.643   0.117066  0.00463769
105.3   611.527  0.133661   3140.74  198.593   0.0738898  0.00476986
123.1   714.81  0.00967718   139600  598.536   0.0733652  0.000665898
247.7   1439.64  0.0377451   15089.6  235.378   0.046791  0.000782014
591.8   3440.69  0.0760472   5126.75  136.909   0.0222118  0.000607948
723.3   4206.88  0.0360482   17385.4  213.227   0.0185631  0.000253454
873.2   5078.77  0.0534358   9058.98  157.274   0.0159308  0.000298213
996.3   5793.88  0.0652652   6952.08  140.987   0.0142841  0.000316923
1004.7   5843.13  0.0464045   12336.7  179.117   0.0146236  0.000235708
1274.5   7410.89  0.0373902   19784.1  209.496   0.0121618  0.000142417
1596.4   9284.99  0.228358   832.505  48.8563   0.0100718  0.000595264
