0.165585  8.18451e-07
0.251576  0.00201168
42.8   257.752  0.0242356   39735.1  351.854   0.0397016  0.000939906
86.5   522.122  0.148032   4916.09  272.327   0.0805504  0.0045206
105.3   634.464  0.183654   2330.07  186.133   0.0548176  0.00443661
123.1   741.621  0.0121236   102675  522.555   0.0539594  0.000511626
247.7   1495.15  0.0475063   11605.5  212.245   0.0359874  0.000692664
591.8   3572.45  0.0960645   3694.66  118.326   0.0160072  0.00052157
723.3   4367.03  0.0458431   12907.6  187.913   0.0137819  0.000217015
873.2   5272.24  0.0662218   6966.2  139.759   0.0122505  0.000260307
996.3   6015.41  0.0818165   5293.35  125.166   0.010876  0.00027517
1004.7   6066.42  0.0593943   9112.46  157.248   0.0108017  0.000201149
1274.5   7695.03  0.0474215   14630.2  183.393   0.00899356  0.000121374
1596.4   9640.54  0.311828   633.145  46.3621   0.00765992  0.000563455
