0.180477  9.83322e-07
0.220106  0.00239234
42.8   236.428  0.0448841   14829.7  258.27   0.0148172  0.000415243
86.5   478.547  0.210621   4377.72  377.827   0.0717292  0.00622429
105.3   582.766  0.211677   1832.24  177.394   0.0431058  0.00421086
123.1   680.802  0.012164   87460.2  490.347   0.0459637  0.000449018
247.7   1371.92  0.0436997   11890  214.71   0.0368697  0.000701581
591.8   3276.77  0.0866342   4176.3  125.458   0.0180939  0.000554285
723.3   4006.09  0.0407912   15161.5  203.033   0.0161886  0.000237551
873.2   4837.42  0.0642165   7768.53  151.888   0.0136615  0.000283708
996.3   5518.71  0.0791285   6140.69  138.071   0.0126169  0.000305568
1004.7   5565.76  0.0582804   10457.3  174.334   0.0123958  0.000224129
1274.5   7060.95  0.0472299   17473.9  203.39   0.0107417  0.000136077
1596.4   8846.9  0.628404   608.696  80.631   0.00736413  0.000976852
