0.167658  1.05477e-06
0.168372  0.00303598
42.8   254.519  0.0379805   34246.5  358.369   0.0342176  0.000832243
86.5   514.582  0.274012   5366.55  335.317   0.0879313  0.00555088
105.3   626.459  0.327118   2518.41  239.547   0.0592487  0.00568802
123.1   733.004  0.0181734   103345  549.14   0.0543117  0.000521604
247.7   1478.24  0.0689901   11594.4  231.725   0.035953  0.000750237
591.8   3528.14  0.118504   4088.01  128.901   0.0177114  0.000568486
723.3   4314.14  0.0557615   13676.3  197.062   0.0146028  0.000227924
873.2   5207.5  0.0847661   7267.11  152.912   0.0127797  0.000283397
996.3   5941.72  0.101628   5380.98  130.492   0.011056  0.000285984
1004.7   5992.26  0.0730773   9739.85  165.625   0.0115453  0.000212311
1274.5   7599.83  0.0550775   15459.1  187.707   0.00950312  0.000124789
1596.4   9520.89  0.545414   666.675  54.0658   0.00806557  0.000656531
