0.162171  6.73088e-07
0.0781681  0.0016267
42.8   263.31  0.0236973   36327.4  339.666   0.0362968  0.000866182
86.5   533.533  0.11803   5344.65  257.508   0.0875724  0.00429227
105.3   648.837  0.139512   2667.68  187.629   0.0627604  0.00448897
123.1   758.51  0.00953599   116719  546.674   0.0613401  0.000568636
247.7   1528.22  0.0378423   12752.6  215.127   0.0395445  0.000708024
591.8   3648.31  0.0794821   4229.33  121.476   0.0183237  0.000537657
723.3   4460.46  0.0379568   14537.2  193.508   0.0155219  0.000226636
873.2   5384.25  0.0579008   7657.86  146.118   0.0134669  0.000273705
996.3   6143.15  0.0704725   5887.14  130.007   0.012096  0.000288451
1004.7   6195.3  0.0513773   10275.7  163.135   0.0121806  0.000211339
1274.5   7857.57  0.0411204   16648.8  191.831   0.0102345  0.000128548
1596.4   9842.31  0.238116   820.025  47.4142   0.00992083  0.000577816
