0.162328  7.78482e-07
0.107295  0.00202869
42.8   263.102  0.0247455   39216.8  350.984   0.0391837  0.000929043
86.5   532.495  0.158699   4459.29  250.887   0.0730657  0.00416306
105.3   647.729  0.200217   2380.36  182.536   0.0560009  0.00435566
123.1   757.576  0.0125548   100825  521.091   0.0529873  0.000504664
247.7   1526.29  0.049845   11070.3  209.212   0.0343277  0.000680654
591.8   3644.33  0.0990828   3747.55  121.409   0.0162363  0.000534952
723.3   4455.49  0.0457667   12870.4  187.508   0.0137422  0.000216524
873.2   5379  0.0653578   6808.65  140.691   0.0119735  0.000261225
996.3   6137.26  0.0826511   5134.94  123.968   0.0105505  0.000271834
1004.7   6189.25  0.0582881   8916.22  154.989   0.010569  0.000198057
1274.5   7850.03  0.0462534   14676.2  183.952   0.00902183  0.000121746
1596.4   9833.97  0.285787   643.41  44.5083   0.00778411  0.000541221
