0.179419  1.24915e-06
0.0638554  0.00259159
42.8   238.306  0.0335142   20397.4  267.244   0.0203802  0.000521079
86.5   482.869  0.182836   3331.26  232.126   0.0545829  0.00383499
105.3   587.617  0.241964   1549.19  175.935   0.0364466  0.00416612
123.1   685.652  0.0136252   76078.9  464.568   0.0399824  0.00040239
247.7   1381.83  0.0545842   8812.68  194.498   0.0273271  0.000625008
591.8   3297.58  0.11596   2989.84  110.668   0.0129536  0.000485731
723.3   4030.45  0.0540732   10169.4  170.738   0.0108583  0.000193595
873.2   4866.3  0.0861075   5436.04  132.109   0.00955966  0.000241768
996.3   5552.34  0.111733   4276.64  117.63   0.00878698  0.000254298
1004.7   5599.49  0.0776314   7344.71  145.6   0.00870622  0.000183034
1274.5   7103.45  0.0632132   11619.6  168.265   0.00714286  0.000109429
1596.4   8900.34  0.979375   445.911  58.2715   0.00539473  0.000705991
