0.16879  1.06173e-06
0.0657981  0.00261762
42.8   252.421  0.050174   14499.8  248.111   0.0144875  0.00040328
86.5   512.437  0.218087   4948.19  327.873   0.0810763  0.00542154
105.3   623.945  0.256094   1786  192.271   0.0420179  0.00455627
123.1   728.88  0.0141594   87560.2  494.616   0.0460162  0.000450653
247.7   1468.38  0.0509023   11733.3  219.286   0.0363837  0.000714165
591.8   3505.24  0.104018   4199.85  128.262   0.018196  0.00056632
723.3   4285.24  0.0484185   14871.6  203.64   0.015879  0.000237392
873.2   5172.94  0.074339   7792.94  156.027   0.0137044  0.000290671
996.3   5902.17  0.0943916   5983.95  137.984   0.0122949  0.000304337
1004.7   5952.09  0.0699679   10122.3  171.301   0.0119986  0.000219741
1274.5   7549.64  0.0634279   14246.7  184.815   0.00875783  0.000121758
1596.4   9461.85  0.49356   324.849  47.7132   0.00393009  0.0005779
