0.143646  7.92223e-07
0.100918  0.00284313
42.8   297.384  0.057639   17613.3  284.367   0.0175984  0.000479609
86.5   601.394  0.282649   3946.42  320.447   0.0646624  0.0052827
105.3   732.997  0.424557   1878.96  226.688   0.0442047  0.00536397
123.1   856.18  0.018804   83446.5  498.94   0.0438543  0.000437995
247.7   1724.63  0.0691642   10359.2  217.09   0.0321228  0.000700219
591.8   4118.16  0.130809   3709.82  125.626   0.0160729  0.000552758
723.3   5034.84  0.0543246   13966.2  195.877   0.0149123  0.00022748
873.2   6077.96  0.081939   7354.09  150.758   0.0129327  0.000280149
996.3   6935.02  0.0972957   5755.39  131.185   0.0118253  0.00028979
1004.7   6993.85  0.069786   10069.9  165.562   0.0119365  0.000213299
1274.5   8871.53  0.0565799   15497.7  189.491   0.00952686  0.000125848
1596.4   11113.8  0.38001   604.388  46.2461   0.00731201  0.000561831
