0.162731  6.86323e-07
0.105114  0.00154301
42.8   262.686  0.0197231   49420.2  382.59   0.0493786  0.00114957
86.5   531.541  0.096806   5632.96  241.896   0.0922965  0.00404959
105.3   646.877  0.145945   3182.32  201.269   0.074868  0.00483408
123.1   755.647  0.00919965   130046  576.461   0.0683439  0.000625074
247.7   1522.68  0.0358293   14589.7  229.064   0.0452409  0.000760402
591.8   3634.35  0.0778215   4985.23  134.318   0.0215986  0.000596191
723.3   4444.96  0.0372209   17126.3  210.19   0.0182864  0.000249813
873.2   5365.53  0.0577922   9089.42  159.133   0.0159844  0.000301386
996.3   6121.91  0.0731496   6980.48  144.975   0.0143424  0.000324638
1004.7   6174.02  0.053155   12116.2  179.852   0.0143622  0.000235708
1274.5   7830.35  0.0426881   19664.5  210.831   0.0120883  0.000143004
1596.4   9810.41  0.31387   826.42  53.7653   0.0099982  0.000654218
