0.164121  4.90796e-06
0.127173  0.0240761
42.8   259.439  0.295151   20625.8  803.119   0.0206084  0.000921221
86.5   526.789  1.68783   3709.73  849.261   0.0607841  0.0139259
105.3   638.461  4.25497   684354  5203.13   16.1003  0.242471
123.1   749.238  0.160476   83815.9  3369.9   0.0440484  0.00180573
247.7   1511.16  0.66049   7016.81  1023.3   0.0217584  0.00317582
591.8   3615.57  1.2863   89.4377  64.9684   0.000387491  0.000281487
723.3   4406.4  0.220024   10565.4  237.404   0.0112811  0.000262367
873.2   5318.47  0.374197   5390.25  880.446   0.00947914  0.00154975
996.3   6069.5  0.589653   4534.23  241.048   0.00931623  0.000502314
1004.7   6130.16  1.04764   832.647  210.595   0.000986996  0.000249729
1274.5   7764.68  0.17025   11781.5  202.168   0.00724241  0.000129447
1596.4   9727.01  1.82112   661.042  162.982   0.00799742  0.00197259
