0.162405  6.27655e-07
0.10331  0.00148515
42.8   263.2  0.0186623   51369.8  386.189   0.0513265  0.00119115
86.5   532.803  0.102179   6253.88  268.594   0.10247  0.00449652
105.3   647.741  0.134375   2928.2  185.295   0.0688895  0.00445032
123.1   757.193  0.00899688   131151  575.723   0.0689246  0.000628954
247.7   1525.67  0.0351849   14339.2  225.257   0.0444642  0.000747711
591.8   3642.83  0.0728485   4862.95  130.716   0.0210688  0.000580266
723.3   4453.32  0.0352728   16716.5  206.522   0.0178489  0.000245141
873.2   5375.71  0.0531939   8903.1  158.157   0.0156567  0.000298944
996.3   6134.1  0.0655796   6844.38  139.823   0.0140628  0.000313931
1004.7   6186.15  0.0475666   11714.7  174.876   0.0138863  0.000228952
1274.5   7846.68  0.039105   18965.6  205.245   0.0116587  0.000138985
1596.4   9829.86  0.260496   824.225  52.6454   0.00997165  0.000640729
