0.174702  7.16483e-07
0.193941  0.00172335
42.8   244.521  0.0200875   53866.9  407.425   0.0538215  0.00124985
86.5   494.631  0.113312   7035.77  290.342   0.115281  0.0048691
105.3   602.26  0.143779   3243.4  201.787   0.0763049  0.00484981
123.1   703.318  0.00984293   139651  600.718   0.0733921  0.00066663
247.7   1417.69  0.0375999   15325.3  236.56   0.0475221  0.000787013
591.8   3384.45  0.0750223   5141.01  137.259   0.0222735  0.000609512
723.3   4138.3  0.0363356   17351.9  213.363   0.0185273  0.000253491
873.2   4997.81  0.0521814   9443.32  162.706   0.0166067  0.000308842
996.3   5701.94  0.0649607   7251.08  144.188   0.0148984  0.000325187
1004.7   5750.49  0.0463111   12244.6  178.142   0.0145144  0.000234336
1274.5   7294.15  0.0368958   19776.1  209.746   0.0121569  0.000142546
1596.4   9138.93  0.218442   867.262  49.649   0.0104923  0.000605138
