0.170437  7.27353e-07
0.0997626  0.00175643
42.8   250.409  0.0211428   53884.6  409.66   0.0538392  0.00125095
86.5   507.041  0.105377   6540.15  270.077   0.107161  0.00452911
105.3   617.403  0.150891   3066.43  197.502   0.0721414  0.00474017
123.1   721.583  0.0102446   140928  601.533   0.0740629  0.000671563
247.7   1454.26  0.0403931   14783.8  235.09   0.0458428  0.000779152
591.8   3470.99  0.0812123   5133.25  139.332   0.0222399  0.000618233
723.3   4244.04  0.0383142   17108.3  213.197   0.0182672  0.000252651
873.2   5123.18  0.0563267   8915.39  160.51   0.0156783  0.000302853
996.3   5845.08  0.0694428   6986.54  142.323   0.0143549  0.000319691
1004.7   5894.75  0.0494261   11891.5  177.74   0.0140959  0.000232648
1274.5   7476.17  0.039934   18413.8  203.917   0.0113194  0.000137538
1596.4   9367.05  0.263313   684.615  43.2186   0.00828261  0.000526073
