0.173537  1.488e-06
-0.053358  0.00328884
42.8   246.281  0.0831582   14103.1  393.483   0.0140912  0.000500287
86.5   499.493  0.212374   2665.55  223.661   0.0436751  0.00368571
105.3   607.342  0.361875   1382.46  185.27   0.032524  0.00437916
123.1   709.657  0.0167129   68039.2  451.329   0.0357572  0.000371602
247.7   1428.53  0.0654807   8427.01  197.359   0.0261312  0.000631753
591.8   3409.87  0.137534   2810.85  112.152   0.0121781  0.000491364
723.3   4167.57  0.0665557   9908.96  172.123   0.0105802  0.000194437
873.2   5032.2  0.103531   5068.5  131.702   0.0089133  0.000239863
996.3   5742.16  0.136783   3841.92  117.066   0.00789379  0.000250802
1004.7   5790.59  0.0978523   6917.57  149.258   0.0081999  0.000186004
1274.5   7344.33  0.0806546   11389  170.204   0.0070011  0.000110329
1596.4   9205.47  1.07798   241.509  83.0887   0.00292183  0.00100543
