0.364561  5.44733e-06
0.0594838  0.0149355
123.1   337.439  0.0731501   7586.14  343.016   0.0219411  0.0010075
247.7   679.627  0.0658152   6158.12  246.695   0.105092  0.00425694
591.8   1623.24  0.0676686   3876.58  154.363   0.0924323  0.00372214
723.3   1983.9  0.0264613   15270.3  224.412   0.0897321  0.00142437
873.2   2395.01  0.0363967   8882.59  177.306   0.0859673  0.00181845
996.3   2732.47  0.0437782   6654.9  158.406   0.0752509  0.00191495
1004.7   2755.67  0.0309884   11922.2  197.737   0.0777757  0.00140014
1274.5   3495.83  0.0218628   21078.4  231.831   0.0713105  0.00086155
1596.4   4380.69  0.134939   902.377  61.4379   0.0600818  0.0041122
