0.164534  2.16606e-06
0.00868384  0.0130838
123.1   746.044  0.149527   12009  408.009   0.0347331  0.00121234
247.7   1505.7  0.133757   10596.7  428.705   0.180838  0.0073961
591.8   3595.86  0.125919   7098.15  216.051   0.169247  0.0052506
723.3   4396.56  0.0491076   25000.4  279.868   0.146908  0.0018659
873.2   5306.9  0.0706709   13697  308.27   0.132562  0.00312446
996.3   6055.1  0.0835052   11316.2  351.537   0.127959  0.0041385
1004.7   6106.76  0.0611833   19854.5  395.234   0.129523  0.00273312
1274.5   7745.71  0.0432832   32413.1  458.107   0.109657  0.00164395
1596.4   9704.76  0.262176   1275.28  111.607   0.0849102  0.00745472
