0.387158  5.09714e-06
0.0974963  0.012913
123.1   317.341  0.0481506   16978.7  411.318   0.0491068  0.00125283
247.7   639.642  0.0546185   9843.61  296.342   0.167987  0.0051567
591.8   1527.88  0.0680814   4966.26  172.793   0.118414  0.00418084
723.3   1867.94  0.0262023   20860.1  258.387   0.122579  0.00168709
873.2   2255.57  0.0355659   11165.4  196.607   0.108061  0.00204764
996.3   2573.21  0.0430051   8492.73  180.201   0.0960325  0.00221337
1004.7   2595.2  0.0298392   15473.4  221.306   0.100943  0.00160736
1274.5   3291.4  0.0214163   26498.3  260.61   0.0896468  0.000989069
1596.4   4124.76  0.144975   1055.94  67.7514   0.070306  0.00453777
