0.181566  2.38371e-06
0.339535  0.0120331
123.1   676.534  0.089732   9418.13  319.684   0.0272397  0.000949944
247.7   1363.7  0.096304   7493.24  275.495   0.127876  0.00476366
591.8   3256.21  0.123811   4611.48  179.899   0.109955  0.00433991
723.3   3980.86  0.0524711   16895.1  240.16   0.0992797  0.0015318
873.2   4807.69  0.0764214   9226.69  224.011   0.0892975  0.00225633
996.3   5485.43  0.092076   7171.59  230.477   0.0810935  0.00270641
1004.7   5532.09  0.0667881   11720.8  237.856   0.076462  0.0016414
1274.5   7017.79  0.0529897   18986  274.036   0.0642318  0.000981144
1596.4   8793.04  0.374248   739.769  79.6365   0.0492551  0.00531353
