0.1619  1.30409e-06
0.00785191  0.00720855
123.1   759.175  0.0593692   11462  297.828   0.0331512  0.0009013
247.7   1530.51  0.0614648   10565.9  264.405   0.180312  0.00464009
591.8   3653.73  0.0847346   5782.53  168.378   0.137877  0.00409911
723.3   4468.21  0.0375512   20816.1  244.848   0.122321  0.00161516
873.2   5393.41  0.0566109   11058  204.491   0.107021  0.00211615
996.3   6154  0.0673384   9176.56  203.877   0.103765  0.00248734
1004.7   6206.32  0.0486944   15202.8  230.855   0.0991771  0.00165832
1274.5   7871.35  0.0394571   25234.2  286.554   0.0853698  0.00105926
1596.4   9862.05  0.236561   967.588  67.7807   0.0644237  0.00453543
