0.39223  2.30721e-06
0.329933  0.00185972
123.1   313.007  0.00390756   8136.61  2789.99   0.0235332  0.00807158
247.7   630.965  0.0533048   9941.89  296.7   0.169664  0.00516467
591.8   1506.92  0.0664083   4981.6  174.378   0.11878  0.00421846
723.3   1842.47  0.0272034   20041  260.309   0.117765  0.00168495
873.2   2226.29  0.0373562   10766.6  198.943   0.104201  0.00205894
996.3   2539.67  0.0441698   7806.7  174.865   0.0882751  0.00213094
1004.7   2561.35  0.0310885   14219.6  217.6   0.0927632  0.00156101
1274.5   3248.26  0.0227685   24825.6  256.235   0.0839876  0.000963229
1596.4   4069.64  0.138541   1041.16  68.4701   0.0693219  0.00458461
