0.180718  2.68278e-06
0.243709  0.0136758
123.1   679.926  0.107286   13498.5  383.91   0.0390413  0.00115346
247.7   1370.41  0.114144   10695.6  385.847   0.182526  0.00667514
591.8   3272.34  0.129554   5831.42  200.302   0.139043  0.00484827
723.3   4000.77  0.0531342   21563.2  265.225   0.12671  0.00173407
873.2   4830.57  0.0828062   12609.7  347.98   0.122039  0.00347447
996.3   5511.24  0.100736   8821.45  341.576   0.0997494  0.00396536
1004.7   5558.25  0.0708649   14513.6  296.858   0.094681  0.00204686
1274.5   7051.29  0.0576229   23559.5  372.051   0.0797042  0.00132027
1596.4   8833.79  0.390157   1030.38  80.2576   0.0686047  0.00536522
