0.172972  3.3912e-07
-0.0208389  0.000922705
42.8   247.05  0.0106947   397428  1205.09   0.34931  0.00774448
86.5   500.259  0.0656092   53102.3  910.112   0.771507  0.014935
105.3   608.928  0.09386   25148.3  693.568   0.524613  0.0159952
123.1   711.865  0.00541089   1.11492e+06  1765.6   0.515269  0.00420214
247.7   1433.17  0.0209111   121131  743.972   0.330314  0.00283614
591.8   3420.79  0.0389587   40531.9  423.966   0.154427  0.00186219
723.3   4182  0.0173218   140918  625.998   0.132317  0.000987815
873.2   5048.47  0.0252707   74068.7  477.488   0.114546  0.00109004
996.3   5759.77  0.0306743   57232.5  421.68   0.10341  0.00120279
1004.7   5808.67  0.0222022   98340.1  524.861   0.102511  0.000902362
1274.5   7368.06  0.0169138   158674  599.187   0.0857771  0.000537459
1596.4   9229.65  0.125624   6977.38  156.864   0.0742332  0.00174792
