0.176106  8.62087e-07
0.116873  0.00407182
123.1   698.159  0.0278141   44007.7  556.047   0.0203384  0.000304159
247.7   1407.04  0.0319929   35454.9  481.013   0.0966822  0.00143423
591.8   3357.67  0.0502504   18285.6  322.848   0.0696684  0.00129914
723.3   4106.22  0.0227023   69375.6  452.985   0.0651414  0.000577646
873.2   4957.69  0.0351827   37354.5  354.011   0.057768  0.000680621
996.3   5656.6  0.0442733   29649.6  320.174   0.0535723  0.000753086
1004.7   5704.66  0.0315583   52495.9  398.269   0.0547223  0.000564881
1274.5   7236.69  0.0257203   87679.5  473.363   0.0473985  0.00034878
1596.4   9069.74  0.344866   2246.9  237.489   0.0239051  0.00253221
