0.161907  7.35257e-07
-0.0447358  0.00404393
123.1   759.305  0.0336784   35144.4  533.628   0.0162422  0.000278756
247.7   1530.6  0.033403   31671.4  457.298   0.0863652  0.00135039
591.8   3654.01  0.0477237   17230.6  307.683   0.0656489  0.00123668
723.3   4468.47  0.0213019   63169.2  427.643   0.0593138  0.000536553
873.2   5393.62  0.0318134   34691.6  331.642   0.0536499  0.000635673
996.3   6154.1  0.0383763   27682.3  297.549   0.0500177  0.000701203
1004.7   6206.38  0.0278589   48828.9  372.854   0.0508998  0.000527268
1274.5   7871.21  0.0221467   82458.8  454.858   0.0445763  0.000331871
1596.4   9862.28  0.187272   3462.24  123.866   0.0368352  0.00134282
