0.162896  2.52267e-07
0.114543  0.000699146
42.8   262.373  0.00998126   270646  951.97   0.237878  0.00529097
86.5   530.826  0.0498959   33127.4  658.58   0.481299  0.0105032
105.3   645.718  0.068086   20408.4  563.715   0.425735  0.0129968
123.1   754.857  0.00417908   912540  1562.23   0.421736  0.00345028
247.7   1520.69  0.0161086   105154  647.373   0.286746  0.00246504
591.8   3630.48  0.0313021   37291.5  381.261   0.142081  0.00168428
723.3   4440.22  0.01441   128640  585.154   0.120789  0.000909463
873.2   5360.13  0.0211357   68462.5  442.44   0.105876  0.00100868
996.3   6115.65  0.0254029   53528.7  394.584   0.0967183  0.00112517
1004.7   6167.72  0.0184761   92142  491.866   0.0960499  0.000845543
1274.5   7822.54  0.0145974   149596  579.847   0.0808701  0.000511621
1596.4   9800.88  0.0995533   6578.44  146.845   0.0699888  0.00163732
