0.165291  3.58765e-06
0.0800168  0.0227496
123.1   743.475  0.281425   42471.2  1906.52   0.0196283  0.000894995
247.7   1498.51  1498.51   34045.9  48148.1   0.0928401  0.131297
591.8   3578.96  3578.96   18645.6  26368.9   0.07104  0.100467
723.3   4375.62  0.0671665   67909.4  582.672   0.0637647  0.000667609
873.2   5281.8  0.0910588   36983.2  409.916   0.0571939  0.000749766
996.3   6027.2  0.122832   31327.9  431.097   0.0566047  0.00093073
1004.7   6078.11  0.0796553   51984.1  476.358   0.0541889  0.000624867
1274.5   7710.09  0.0510018   88717.9  487.54   0.0479598  0.000356324
1596.4   9663.78  2.63223   3146.91  551.099   0.0334803  0.0058679
