0.170743  2.7629e-07
0.0828744  0.00070035
42.8   250.131  0.00906739   335287  1055.9   0.294693  0.00653838
86.5   506.193  0.0473284   42897.7  733.166   0.623248  0.0120386
105.3   616.348  0.0665393   24096.4  601.608   0.502671  0.0141494
123.1   720.36  0.00401459   1.08252e+06  1689.04   0.500296  0.00407778
247.7   1451.86  0.0155853   117939  682.648   0.321608  0.00268119
591.8   3464.68  0.0308141   39778.9  398.816   0.151558  0.00177081
723.3   4236.61  0.0142641   134824  602.127   0.126595  0.00094689
873.2   5114.04  0.0211261   70114.3  450.482   0.10843  0.00103026
996.3   5834.71  0.025609   54627.2  401.43   0.098703  0.00114683
1004.7   5884.3  0.0187486   94359.6  504.77   0.0983617  0.000866567
1274.5   7462.95  0.0147514   151858  584.725   0.0820927  0.00051807
1596.4   9350.26  0.0949908   6563.69  140.532   0.0698319  0.00157302
