0.16889  4.93923e-07
0.0240858  0.00186605
42.8   252.655  0.110556   20004.6  925.371   0.0175826  0.00090035
86.5   510.459  0.369935   14570.3  1025.34   0.211688  0.0150183
105.3   623.406  0.32027   4929.9  538.587   0.102842  0.0113146
123.1   728.621  0.010329   259409  1017.81   0.119887  0.00106824
247.7   1467.14  0.0287478   56344.3  548.424   0.153646  0.00175681
591.8   3503.24  0.0488261   26366.7  353.275   0.100457  0.00147478
723.3   4282.93  0.021077   94503.3  522.727   0.0887355  0.000724135
873.2   5170.28  0.0321867   50629.1  409.63   0.078297  0.000837671
996.3   5899.05  0.0385145   39474.9  364.838   0.0713251  0.000920121
1004.7   5949.04  0.0280153   69863.9  452.908   0.072827  0.000694823
1274.5   7545.71  0.0226094   115058  525.238   0.0621989  0.000421115
1596.4   9456.73  0.499705   3601.41  253.543   0.0383158  0.00271078
