0.164358  1.60654e-06
-0.106877  0.00970414
123.1   748.366  0.112613   25821.9  685.82   0.0119338  0.000331022
247.7   1508.25  0.0873091   21392.7  621.285   0.0583361  0.00172997
591.8   3599.75  0.10604   12874.5  428.002   0.0490519  0.00165704
723.3   4401.68  0.0369097   49002.6  408.55   0.0460119  0.000472626
873.2   5313.51  0.0528981   27231.7  332.369   0.0421133  0.000592538
996.3   6062.19  0.0618589   21753.2  288.811   0.0393048  0.000630436
1004.7   6113.77  0.043982   38721.8  356.334   0.040364  0.000466697
1274.5   7754.9  0.0315824   66773.3  427.726   0.0360969  0.000293324
1596.4   9714.69  0.291011   2794.18  142.87   0.0297276  0.00153419
