0.169526  4.00455e-07
0.00312403  0.00117863
42.8   252.121  0.0156959   327239  1230.5   0.28762  0.00640875
86.5   510.691  0.0908522   43117.8  904.018   0.626446  0.0142932
105.3   621.339  0.139857   22125.8  741.412   0.461561  0.0165896
123.1   726.091  0.0068562   1.04241e+06  1757   0.481754  0.00393864
247.7   1462.42  0.0282503   113583  782.93   0.30973  0.0028305
591.8   3490.08  0.0502002   38120.5  436.743   0.145239  0.00187837
723.3   4266.91  0.02133   131186  618.523   0.123179  0.000939963
873.2   5151.05  0.0316479   68636.4  487.504   0.106145  0.00105852
996.3   5877.24  0.0368378   53684.5  421.95   0.0969997  0.00115904
1004.7   5927.32  0.0268485   92245.2  518.825   0.0961576  0.000863461
1274.5   7517.28  0.0199895   148397  585.352   0.0802217  0.0005109
1596.4   9417.97  0.214552   6482.36  177.911   0.0689667  0.00195341
