0.165947  8.31396e-07
0.222969  0.00327765
42.8   256.916  0.0479082   350174  3301.47   0.307778  0.00735607
86.5   520.567  0.300426   51638.9  1932.67   0.750247  0.0288796
105.3   634.445  0.545145   20632.2  1488.44   0.430404  0.0315502
123.1   740.076  0.0199448   976013  14146.6   0.451071  0.00746768
247.7   1493.08  0.0680498   106221  927.547   0.289656  0.00306887
591.8   3564.31  0.114269   34905.4  499.868   0.13299  0.0020649
723.3   4358.82  0.0446781   120825  672.645   0.11345  0.000928581
873.2   5261.09  0.0627264   61684.8  515.972   0.0953943  0.00104049
996.3   6002.78  0.08266   50020.8  533.306   0.0903799  0.00126102
1004.7   6053.76  0.0575084   83805.2  619.841   0.0873596  0.000889628
1274.5   7677.87  0.0362866   133488  589.535   0.0721622  0.000481406
1596.4   9619.87  0.350908   4871.74  318.962   0.0518311  0.00341281
