0.135784  2.30679e-07
0.213944  0.000798485
42.8   314.358  0.0120316   373978  1158.42   0.3287  0.0072905
86.5   635.871  0.0730714   44119.3  788.817   0.640997  0.0128306
105.3   774.085  0.100801   24020.9  650.085   0.501096  0.0150447
123.1   904.74  0.00591926   1.02835e+06  1672.22   0.47526  0.00387983
247.7   1824.16  0.0241821   113714  710.989   0.310088  0.0026871
591.8   4356.94  0.042381   37892.7  398.094   0.144372  0.00174667
723.3   5325.04  0.0191322   132201  597.519   0.124132  0.000932466
873.2   6429.59  0.028123   69274.1  461.059   0.107131  0.00103478
996.3   7335.79  0.0335018   53600.6  400.355   0.0968481  0.00113271
1004.7   7398.1  0.0244425   92103.4  498.17   0.0960097  0.000849321
1274.5   9384.57  0.01883   149279  582.194   0.0806987  0.000511723
1596.4   11754.5  0.115615   6164.28  137.347   0.0655826  0.00153167
