0.166028  2.88671e-07
0.121659  0.000722887
42.8   257.463  0.00912616   338535  1043.24   0.297548  0.0065989
86.5   521.161  0.0486962   37587.6  670.899   0.546099  0.0109163
105.3   633.351  0.068266   22758.3  578.285   0.474757  0.0135506
123.1   740.542  0.00429388   1.01535e+06  1636.78   0.469252  0.00382947
247.7   1492.37  0.0164823   112658  669.408   0.307209  0.00259417
591.8   3563  0.0327079   38291.3  388.106   0.14589  0.00171835
723.3   4355.59  0.0154913   130568  593.697   0.122599  0.000922965
873.2   5258.28  0.0229021   68861.5  447.454   0.106493  0.00101712
996.3   6000.17  0.0282251   53707.1  402.038   0.0970406  0.00113598
1004.7   6051.25  0.0205791   91728.8  497.426   0.0956192  0.000846685
1274.5   7675.55  0.0165594   148071  577.872   0.0800454  0.00050771
1596.4   9616.2  0.176025   5861.35  155.601   0.0623596  0.00171204
