0.17483  2.6378e-07
0.15444  0.000671786
42.8   243.95  0.00864493   311502  999.865   0.273788  0.00607694
86.5   494.301  0.0441486   36578  654.032   0.531431  0.0106381
105.3   601.855  0.0611673   22309.9  568   0.465401  0.0133042
123.1   703.256  0.00376776   1.00268e+06  1622.68   0.463395  0.00378225
247.7   1416.38  0.0146712   111242  657.873   0.303347  0.00255558
591.8   3382.04  0.0279422   38248.9  379.992   0.145729  0.00169132
723.3   4134.75  0.0132111   133128  593.145   0.125003  0.000934192
873.2   4994.41  0.0192527   70214.3  445.67   0.108585  0.00102604
996.3   5697.97  0.0234338   54540.9  395.497   0.0985472  0.00113899
1004.7   5746.44  0.0169762   93768.7  500.092   0.0977457  0.000860182
1274.5   7289.37  0.0133668   151819  582.351   0.0820713  0.000517203
1596.4   9132.54  0.0874676   6591  144.717   0.0701225  0.00161601
