0.164347  4.38248e-07
0.100352  0.00182165
123.1   748.477  0.010318   267107  991.987   0.123445  0.00108879
247.7   1507.44  0.0313287   51165.8  579.662   0.139525  0.00178868
591.8   3598.42  0.0458048   24224.8  373.328   0.0922968  0.00152638
723.3   4400.13  0.0201053   87074.7  495.732   0.0817603  0.000676253
873.2   5311.8  0.0292026   47783.5  383.977   0.0738963  0.000787519
996.3   6061.1  0.0355943   37492.5  343.005   0.0677433  0.00086938
1004.7   6112.61  0.0255799   65329.6  426.675   0.0681004  0.000651971
1274.5   7754.94  0.0197794   109443  507.627   0.0591638  0.000403502
1596.4   9716.75  0.206113   4712.01  145.492   0.0501316  0.00158719
