0.173625  1.14372e-06
-0.00829061  0.00575609
123.1   708.969  0.0436515   29649.6  547.5   0.0137028  0.000275756
247.7   1427.57  0.0441936   25029.7  457.255   0.0682538  0.00131242
591.8   3408.05  0.0686507   14598.4  329.389   0.05562  0.00129859
723.3   4165.13  0.0280311   55125.7  420.278   0.0517612  0.000502178
873.2   5029.37  0.0434582   30164.8  335.667   0.0466493  0.000613269
996.3   5738.82  0.054614   23430.1  300.525   0.0423346  0.000663341
1004.7   5787.33  0.038232   43557.8  378.818   0.0454051  0.000506906
1274.5   7340.52  0.0309991   72209.1  451.944   0.0390354  0.000312705
1596.4   9199.17  0.648951   2483.01  228.593   0.0264171  0.00243905
