0.377678  1.05722e-06
0.0091225  0.00154876
42.8   113.566  0.0101535   222104  879.154   0.195214  0.00435645
86.5   229.708  0.0588367   66515.5  1284.88   0.966384  0.0205943
105.3   289.999  14.8436   5.42019e+06  542209   113.069  11.406
123.1   325.851  0.0040103   918035  1676.12   0.424275  0.00348147
247.7   656.258  0.0163113   98286.2  716.768   0.268018  0.00253107
591.8   1566.71  0.0268849   34783.4  401.186   0.132525  0.00172297
723.3   1915.05  0.0115185   119849  591.659   0.112534  0.000874378
873.2   2311.9  0.0163563   62510.1  438.003   0.0966706  0.000957463
996.3   2637.91  0.0196253   49728.6  402.922   0.089852  0.0010881
1004.7   2660.31  0.0140834   84695.9  493.459   0.0882881  0.000804077
1274.5   3374.49  0.0101371   136391  559.248   0.0737312  0.000476767
1596.4   4228.98  0.0677757   5512.39  156.279   0.058647  0.00171261
