0.167886  3.27638e-07
0.104205  0.00081256
42.8   254.586  0.010493   292253  998.565   0.256869  0.00570934
86.5   515.209  0.0591154   40349.2  783.783   0.586222  0.0125502
105.3   626.478  0.0768574   21018.2  589.694   0.438457  0.0135579
123.1   732.453  0.00472841   965935  1687.34   0.446413  0.00365545
247.7   1475.79  0.0178306   109918  678.604   0.299738  0.00258044
591.8   3523.68  0.0359138   37823.8  394.612   0.144109  0.00173438
723.3   4308.42  0.0166733   129153  594.194   0.12127  0.000916906
873.2   5201.18  0.0255745   67247  454.535   0.103996  0.00101196
996.3   5933.97  0.0312877   52395.7  402.332   0.0946711  0.00112001
1004.7   5984.31  0.022664   90655  501.669   0.0944999  0.00084324
1274.5   7589.8  0.0184641   145751  581.216   0.0787913  0.000503907
1596.4   9510.45  0.222185   4777.14  385.326   0.0508246  0.00411494
