0.16528  2.47293e-07
0.162142  0.000584906
42.8   258.585  0.00773429   326661  993.188   0.287111  0.0063658
86.5   523.085  0.0364633   35108.1  589.401   0.510075  0.00971614
105.3   636.436  0.0516985   21673.9  529.323   0.452134  0.012509
123.1   743.567  0.00342598   980451  1586.94   0.453121  0.00369842
247.7   1498.89  0.0134003   108933  636.976   0.29705  0.00248871
591.8   3578.85  0.0280239   37227  371.521   0.141835  0.00165162
723.3   4376.24  0.0133339   128683  580.469   0.120829  0.000907003
873.2   5282.69  0.0201427   67167.5  434.843   0.103873  0.000990412
996.3   6027.43  0.0249377   52397.3  387.838   0.094674  0.00110322
1004.7   6078.72  0.0178789   91155.9  489.13   0.095022  0.000838095
1274.5   7708.81  0.0146816   145898  571.718   0.0788708  0.000501035
1596.4   9658.02  0.104496   6371.86  145.734   0.067791  0.00162147
