0.171496  3.57065e-07
0.0987609  0.000993374
42.8   249.064  0.0117254   391431  1228.63   0.34404  0.00763273
86.5   504.17  0.0735823   51739.6  897.657   0.75171  0.0146921
105.3   613.253  0.104105   23982.1  713.588   0.500285  0.0162447
123.1   717.192  0.00586086   1.08835e+06  1996.77   0.502989  0.00412837
247.7   1444.26  0.0235171   117610  751.371   0.320713  0.00281086
591.8   3449.25  0.0421641   39004  409.568   0.148605  0.00179723
723.3   4216.59  0.0189804   133516  612.384   0.125367  0.000946806
873.2   5091.54  0.0274212   69733.7  471.021   0.107842  0.00104903
996.3   5808.89  0.0330385   53785.2  413.279   0.0971817  0.00115004
1004.7   5858.3  0.0235829   93793.6  512.543   0.0977716  0.000868252
1274.5   7430.97  0.017945   148839  581.665   0.0804608  0.000510609
1596.4   9308.86  0.125569   6544.75  149.732   0.0696305  0.00166592
