0.170662  5.78039e-07
0.170479  0.00210613
123.1   720.183  0.0113141   345463  1144.38   0.159658  0.00138243
247.7   1450.99  0.0368517   58371.3  713.711   0.159173  0.00216793
591.8   3465.58  0.0588985   25457.6  512.687   0.0969935  0.00203819
723.3   4238.11  0.0255599   91661.3  530.851   0.0860669  0.000717721
873.2   5116.08  0.037843   48975.8  422.135   0.0757401  0.000840994
996.3   5836.72  0.0469675   37951.8  372.018   0.0685731  0.00091253
1004.7   5886.27  0.0331997   67113.9  458.958   0.0699603  0.000684629
1274.5   7466.34  0.0259601   109248  545.346   0.059058  0.000417262
1596.4   9358  1.01774   3715.34  752.033   0.039528  0.00800575
