0.170398  6.03864e-07
0.125193  0.00311928
123.1   721.074  0.0203701   82599.3  689.072   0.0381738  0.000441225
247.7   1453.58  0.0329102   39114.3  524.822   0.106661  0.00156772
591.8   3471.63  0.0427786   22381  344.784   0.0852719  0.00140975
723.3   4244.33  0.0183767   82129  481.431   0.0771164  0.000646867
873.2   5124.56  0.0264876   45789.5  374.318   0.0708125  0.000762104
996.3   5846.37  0.0324237   36545.9  338.99   0.0660329  0.000853433
1004.7   5896.09  0.0229623   63429.6  421.006   0.0661198  0.000637824
1274.5   7478.06  0.0177706   106836  505.241   0.0577541  0.000397476
1596.4   9368.85  0.111405   4865.46  124.65   0.0517642  0.00137477
