0.179434  1.66825e-06
-0.105849  0.00891383
123.1   686.123  0.0834071   22006.9  613.029   0.0101706  0.000294767
247.7   1381.69  0.0723954   20708.5  526.682   0.0564701  0.00147564
591.8   3298.02  0.0819325   13241.6  348.994   0.0504508  0.00136369
723.3   4031.68  0.0321738   49461  404.1   0.0464422  0.000470765
873.2   4866.95  0.0465642   27535.6  322.885   0.0425833  0.00058154
996.3   5552.85  0.0567958   22277.3  291.46   0.0402516  0.000639194
1004.7   5600.02  0.0408154   39243.5  355.706   0.0409079  0.000468494
1274.5   7103.47  0.0306181   68130.2  433.151   0.0368304  0.000297894
1596.4   8901.69  0.685303   2591.54  204.842   0.0275717  0.00218787
