0.139235  2.70619e-07
0.0732691  0.000813607
42.8   307.048  0.0129468   300308  1046.88   0.263949  0.00586954
86.5   621.321  0.0676239   37296.2  701.918   0.541866  0.0113041
105.3   756.062  0.0900036   22235.3  581.482   0.463846  0.0135463
123.1   883.419  0.00567697   966149  1624.72   0.446512  0.00365016
247.7   1780.64  0.0222968   107980  680.668   0.294452  0.00256251
591.8   4250.25  0.0433347   36408.1  395.344   0.138715  0.00172091
723.3   5194.74  0.0202198   124938  590.511   0.117313  0.000896036
873.2   6270.7  0.0304639   65312.2  461.853   0.101004  0.00100501
996.3   7154.12  0.0372517   50109.1  400.1   0.0905394  0.00108931
1004.7   7214.9  0.0273669   87212.1  498.44   0.0909109  0.000821546
1274.5   9153.12  0.0220056   140055  572.931   0.0757121  0.000489116
1596.4   11468.3  0.430306   5923.96  231.524   0.0630257  0.00250241
