0.166413  2.53489e-07
0.235962  0.000667522
42.8   256.526  0.00914791   279271  949.539   0.245459  0.0054551
86.5   519.093  0.047462   33506.8  642.767   0.48681  0.0103153
105.3   632.075  0.0625385   19949.8  548.409   0.416168  0.012655
123.1   738.087  0.00390513   911772  1551.73   0.421381  0.00344648
247.7   1487.9  0.014947   103873  634.554   0.283251  0.00242539
591.8   3553.31  0.0294845   36493.7  374.134   0.139041  0.00165163
723.3   4345.56  0.013828   125715  576.394   0.118042  0.000891366
873.2   5246.15  0.0201958   67160.5  435.593   0.103862  0.000991144
996.3   5985.62  0.0244906   52471.9  388.056   0.0948088  0.0011044
1004.7   6036.53  0.018026   89410.5  484.828   0.0932026  0.00082527
1274.5   7656.74  0.014184   145693  569.874   0.0787599  0.000499983
1596.4   9591.6  0.0875293   6296.41  137.265   0.0669883  0.00153381
