0.167696  2.58645e-07
0.0537792  0.000694741
42.8   254.688  0.0093057   327116  1041.04   0.287511  0.00638039
86.5   515.641  0.0480503   42878.9  713.414   0.622976  0.0117843
105.3   627.328  0.0651356   23600.1  582.149   0.492316  0.0137274
123.1   733.707  0.00405867   1.08266e+06  1687.15   0.500358  0.0040781
247.7   1477.64  0.015626   120398  686.08   0.328315  0.00271674
591.8   3528.11  0.0303323   40633.2  401.084   0.154813  0.0017883
723.3   4313.28  0.0139795   142339  614.73   0.133652  0.000988044
873.2   5207.17  0.0203877   75547.7  464.174   0.116833  0.00108818
996.3   5941.19  0.0246145   58068.9  411.255   0.104922  0.00120161
1004.7   5991.7  0.0180394   100330  515.384   0.104585  0.000908072
1274.5   7598.81  0.014013   162344  602.535   0.0877615  0.000546487
1596.4   9520.42  0.0934705   6848.1  145.54   0.0728578  0.00163024
