0.169177  3.93172e-07
0.237158  0.00163356
123.1   725.84  0.00924534   165882  784.727   0.0766634  0.000712511
247.7   1464.11  0.0225207   44661  488.908   0.121787  0.00152033
591.8   3496.26  0.0350632   22646.3  322.294   0.0862825  0.00133261
723.3   4275.01  0.0160559   82587.4  473.98   0.0775468  0.000643861
873.2   5160.25  0.023981   45278.3  365.439   0.070022  0.00074809
996.3   5887.98  0.0291958   35653.3  328.247   0.06442  0.0008294
1004.7   5938.02  0.0210291   62047.8  410.604   0.0646794  0.000623047
1274.5   7531.01  0.0166286   104621  494.212   0.0565568  0.000389029
1596.4   9435.69  0.113283   4560.65  126.187   0.0485213  0.00138482
