0.161916  3.70537e-07
0.120228  0.00155529
42.8   263.326  0.0530375   30018.1  519.09   0.0263837  0.00073751
86.5   532.675  0.52976   15892.4  2321.7   0.230896  0.0337952
105.3   650.083  0.224486   6752.93  526.821   0.140872  0.0111414
123.1   759.446  0.00917006   288177  1005.16   0.133183  0.00116233
247.7   1529.71  0.025685   58231.3  541.79   0.158792  0.00175798
591.8   3652.75  0.0402914   27954.2  342.872   0.106506  0.00145427
723.3   4466.82  0.017835   99462.5  524.073   0.093392  0.000745751
873.2   5392.33  0.0260008   53860.8  404.781   0.0832946  0.000855465
996.3   6152.09  0.0314987   43245.1  362.015   0.0781373  0.000960414
1004.7   6204.46  0.022442   74639.7  451.196   0.0778054  0.000719613
1274.5   7870.38  0.0175625   125038  532.973   0.067594  0.000444113
1596.4   9860.35  0.124475   5552.68  137.485   0.0590757  0.00152005
