0.361106  9.38123e-07
0.0372679  0.0013805
42.8   118.256  0.00861342   246176  1053.19   0.216371  0.00484135
86.5   239.749  0.0523432   49232  1013.01   0.715277  0.016064
105.3   291.772  0.0787092   15953.3  632.149   0.332798  0.0138787
123.1   340.803  0.00380525   869183  1606.96   0.401698  0.00329828
247.7   686.264  0.0150632   96312  677.124   0.262634  0.00242746
591.8   1637.89  0.0256815   32874.4  382.738   0.125252  0.00164049
723.3   2002.96  0.0114147   114485  569.728   0.107497  0.000837963
873.2   2418.26  0.0160976   59185  423.35   0.0915284  0.00091604
996.3   2758.99  0.0189219   46889.7  385.092   0.0847225  0.00103226
1004.7   2782.47  0.0136391   79925.5  474.5   0.0833153  0.000764712
1274.5   3529.05  0.0101054   128776  541.99   0.069615  0.000454974
1596.4   4423.49  0.0665022   5183.03  138.174   0.0551429  0.00151988
