0.364554  3.18619e-06
0.0367749  0.00871908
123.1   337.372  0.04391   23601.3  622.903   0.0109075  0.000300813
247.7   679.694  0.0377586   19099.1  441.97   0.0520814  0.00124507
591.8   1623.23  0.0392277   12397.8  286.661   0.0472359  0.00112835
723.3   1984.03  0.0152075   46642.2  393.588   0.0437955  0.000453463
873.2   2395.16  0.0209744   26616.9  300.777   0.0411625  0.000547159
996.3   2732.58  0.0249381   21439.4  276.88   0.0387378  0.000609779
1004.7   2755.77  0.0178697   37097.8  340.638   0.0386712  0.000446502
1274.5   3495.95  0.0126568   65063.5  401.209   0.0351726  0.000279229
1596.4   4381.12  0.0915091   2345.43  114.717   0.0249533  0.00123292
