0.366503  1.61684e-06
0.0958233  0.00232625
42.8   116.613  0.0145444   80611.5  605.793   0.442263  0.0102433
86.5   235.846  0.0874119   13862.1  524.12   1.17897  0.0458218
105.3   287.29  0.132228   6374.07  432.339   0.778385  0.0537571
123.1   335.577  0.00628207   286015  913.271   0.827231  0.00712552
247.7   675.96  0.0256077   31440.6  403.286   0.53655  0.00759802
591.8   1614.06  0.044371   10186.8  216.602   0.242892  0.0053663
723.3   1973.38  0.0189299   37181.7  325.368   0.218489  0.0023182
873.2   2382.43  0.0268525   19754.6  246.569   0.191189  0.002736
996.3   2717.88  0.0320808   14809.5  221.821   0.16746  0.00292624
1004.7   2741.06  0.0232262   25644.5  273.898   0.167295  0.00213637
1274.5   3477.05  0.0168989   42353.3  316.39   0.143286  0.00128802
1596.4   4359.36  0.108728   1697.7  77.8821   0.113036  0.00524555
