0.172984  5.99092e-07
-0.024096  0.00160652
42.8   247.183  0.0191076   137313  943.678   0.753347  0.0172973
86.5   500.485  0.13975   13711.8  578.017   1.16619  0.0502682
105.3   609.172  0.178646   8376.52  491.004   1.02292  0.0614171
123.1   711.797  0.00928911   365637  995.963   1.05752  0.0089371
247.7   1433.17  0.0394287   39754.1  487.33   0.678425  0.00925929
591.8   3420.66  0.0693332   13272.1  250.004   0.316458  0.00625613
723.3   4181.76  0.0304428   46024.7  359.128   0.270452  0.00266208
873.2   5048.2  0.0460426   24578.7  339.08   0.237877  0.00367996
996.3   5759.45  0.0543852   19022.2  357.789   0.215096  0.00448503
1004.7   5808.3  0.0392153   32203.9  394.926   0.210086  0.00296652
1274.5   7367.57  0.030111   52122.8  497.737   0.176337  0.00190076
1596.4   9229.41  0.189002   2348.6  139.051   0.156374  0.00932274
