0.165146  1.61915e-06
0.125392  0.00881056
123.1   743.925  0.0691422   10294.5  293.881   0.0297743  0.000882727
247.7   1499.87  0.0809437   9930.35  268.861   0.169467  0.00469957
591.8   3581.48  0.0973584   5664.28  169.77   0.135058  0.00412828
723.3   4379.38  0.040973   20109  244.568   0.118165  0.00160251
873.2   5286.57  0.0620056   10947.6  210.798   0.105952  0.00217077
996.3   6032.1  0.0759872   8465.18  209.594   0.095721  0.00252172
1004.7   6083.36  0.054801   14410.5  236.492   0.0940089  0.00167726
1274.5   7716.35  0.0446225   24131.2  287.285   0.0816385  0.00105415
