0.162326  4.39975e-07
0.271533  0.00120713
42.8   263.016  0.0193141   118858  850.107   0.652098  0.0150282
86.5   532.4  0.0838195   11112.6  370.961   0.945125  0.0326767
105.3   646.793  0.115369   6884.95  342.237   0.840772  0.0431987
123.1   756.428  0.00709444   330179  925.681   0.954965  0.00809526
247.7   1525.08  0.0279473   36397.3  397.494   0.62114  0.0077398
591.8   3643.31  0.0533262   12445.4  224.517   0.296746  0.00564165
723.3   4455.39  0.0249748   42674.7  336.636   0.250767  0.00248534
873.2   5377.95  0.0373828   22135.5  272.469   0.214231  0.00303359
996.3   6135.98  0.0445135   17293.2  260.054   0.195545  0.003427
1004.7   6188.11  0.0336232   29885.8  312.601   0.194963  0.00245382
1274.5   7848.96  0.0259227   46999.9  367.461   0.159006  0.00147564
1596.4   9833.05  0.148823   2043.27  95.6115   0.136044  0.00643681
