0.176083  1.54127e-06
0.196439  0.00717895
123.1   698.107  0.0477055   14461.3  312.32   0.0418258  0.000963293
247.7   1406.84  0.0583841   11599.2  280.36   0.197946  0.0049297
591.8   3357.37  0.0877989   6213  179.277   0.148141  0.00436608
723.3   4105.99  0.0403151   22630  260.145   0.132979  0.00172437
873.2   4957.65  0.0641064   11512.3  228.048   0.111418  0.00234083
996.3   5656.87  0.0781316   8861.56  231.233   0.100203  0.00276585
1004.7   5704.93  0.0556579   15465  253.601   0.100888  0.00179882
1274.5   7237.58  0.0476595   24029.4  309.493   0.0812941  0.00112318
