0.164356  7.76521e-07
0.112542  0.00319803
123.1   748.367  0.0180844   88163.7  554.107   0.254993  0.00259418
247.7   1507.28  0.0566267   16693.6  330.691   0.284886  0.00589661
591.8   3598.08  0.0828649   7866.13  193.962   0.187558  0.00475973
723.3   4399.76  0.0355711   28293.6  283.438   0.16626  0.00194144
873.2   5311.4  0.0519568   15705.5  258.069   0.152001  0.00271483
996.3   6060.78  0.0638638   12314.9  258.557   0.139252  0.00318096
1004.7   6112.18  0.0472428   21603  296.656   0.14093  0.0021722
1274.5   7754.49  0.0349919   35771  378.841   0.121017  0.00141732
