0.180612  9.7286e-07
0.106639  0.00377175
123.1   681.101  0.0197952   69061.8  512.697   0.199745  0.00217999
247.7   1371.28  0.0523962   17035.6  330.675   0.290722  0.00590659
591.8   3274.8  0.0745955   8749.28  206.195   0.208616  0.0050733
723.3   4003.32  0.0336331   30377.9  296.258   0.178508  0.00204397
873.2   4834.4  0.051463   16297  261.498   0.157725  0.00276117
996.3   5515.19  0.0631044   12663.6  270.872   0.143195  0.003323
1004.7   5562.22  0.0436935   21459.6  280.213   0.139994  0.00207411
1274.5   7056.51  0.0362335   34911  344.862   0.118108  0.00130764
