0.165937  1.79087e-06
0.308729  0.00503416
42.8   256.275  0.135789   77863.4  3796.57   0.427186  0.0228352
86.5   519.948  0.714278   8893.25  2422.12   0.75637  0.206113
105.3   635  8.20634   26961.4  30269.6   3.29245  3.69669
123.1   739.873  0.026809   321938  1057.52   0.93113  0.00805254
247.7   1492.83  0.25401   32063.5  5130.06   0.547181  0.0876087
591.8   3563.11  0.306006   7624.67  420.699   0.181801  0.0100902
723.3   4358.53  0.0801625   39387.7  404.182   0.231451  0.00275127
873.2   5260.88  0.156538   16935.5  1730.62   0.163904  0.0167885
996.3   6001.35  0.191196   29731.4  16252.7   0.33619  0.183804
1004.7   6054.09  0.129181   18866.8  1983.84   0.12308  0.0129705
1274.5   7677.22  0.0963158   43050.1  2688.95   0.145643  0.00912611
1596.4   9618.54  0.391873   26839.3  16906.6   1.78701  1.12574
