0.163278  6.07135e-07
0.114307  0.00162101
42.8   261.573  0.137324   109906  4364.08   0.602982  0.0273454
86.5   529.642  0.111903   11224.3  431.92   0.954627  0.0377261
105.3   644.696  0.162724   7618.77  408.962   0.930384  0.0513851
123.1   753.16  0.00872558   337541  949.853   0.976257  0.00827915
247.7   1517.23  0.0340225   37209  435.677   0.634992  0.00835439
591.8   3622.08  0.0706747   12817.9  261.257   0.305627  0.00649365
723.3   4429.65  0.0311505   44813.1  353.91   0.263332  0.00261177
873.2   5347.47  0.048236   22724  336.354   0.219927  0.00360097
996.3   6101.32  0.0595272   17792  364.18   0.201185  0.00449849
1004.7   6153.08  0.0427048   30118.5  385.435   0.196481  0.00286601
1274.5   7804.28  0.0362112   45742.8  500.585   0.154753  0.00186192
1596.4   9777.85  0.21845   2024.25  187.306   0.134778  0.0125068
