0.1679  4.45714e-07
0.0414791  0.00111972
42.8   255.635  0.0167288   142602  926.634   0.782367  0.0178781
86.5   515.728  0.0711321   12804.6  368.364   1.08903  0.0328267
105.3   627.399  0.100409   8566.47  348.061   1.04611  0.0446269
123.1   732.749  0.00633982   386837  990.629   1.11883  0.00939806
247.7   1475.68  0.0241083   42272.6  411.637   0.721404  0.00825125
591.8   3523.17  0.049415   14825.2  240.607   0.353488  0.00611648
723.3   4307.3  0.0229545   50481.9  363.318   0.296644  0.00277955
873.2   5200.95  0.0351035   26575.9  299.659   0.257206  0.00341357
996.3   5933.52  0.0429691   20822.8  292.252   0.235456  0.00392574
1004.7   5983.96  0.0309551   35430  342.711   0.231132  0.00275973
1274.5   7590.66  0.0249586   56626  426.401   0.191572  0.00173161
1596.4   9510  0.156056   2273.31  110.017   0.151361  0.00740132
