0.172539  9.23435e-07
0.169817  0.00436975
123.1   712.235  0.0259527   45850.6  448.36   0.132612  0.00167545
247.7   1434.98  0.0506098   16848.5  326.2   0.287528  0.00582797
591.8   3427.63  0.0706499   8404.32  200.208   0.200391  0.0049228
723.3   4191.47  0.0310536   31031.8  294.558   0.18235  0.00204769
873.2   5060.76  0.0451844   16912.7  247.646   0.163684  0.00265655
996.3   5773.41  0.0544999   13166.9  241.489   0.148886  0.00304172
1004.7   5822.56  0.0391605   23401.6  287.443   0.152663  0.0021583
1274.5   7385.18  0.0304031   38816.2  364.184   0.13132  0.00139611
