0.18072  2.70969e-06
0.232999  0.0137376
123.1   679.926  0.107286   13498.6  383.911   0.0390414  0.00115346
247.7   1370.46  0.11297   10427.6  374.163   0.177952  0.00647395
591.8   3272.34  0.129554   5831.42  200.302   0.139043  0.00484827
723.3   4000.77  0.0531342   21563.2  265.225   0.12671  0.00173407
873.2   4830.57  0.0828062   12609.7  347.98   0.122039  0.00347447
996.3   5511.21  0.100674   9087.18  317.439   0.102754  0.00370669
1004.7   5558.25  0.0708649   14513.6  296.858   0.094681  0.00204686
1274.5   7051.29  0.0576229   23559.5  372.051   0.0797042  0.00132027
