0.169097  7.26014e-07
0.0547495  0.00165018
42.8   253.067  0.0241405   110073  943.453   0.603897  0.0142066
86.5   511.797  0.124594   11433.6  446.137   0.972427  0.0389402
105.3   622.187  0.166942   7333.95  406.2   0.895602  0.0509521
123.1   727.63  0.00914119   323648  937.312   0.936077  0.00796421
247.7   1464.63  0.0359527   35675.7  438.866   0.608825  0.00833285
591.8   3498.03  0.0764384   11856.7  253.611   0.282708  0.00628045
723.3   4276.95  0.0355789   41676.8  352.728   0.244903  0.00254073
873.2   5163.35  0.0553454   20156.3  342.292   0.195076  0.00358316
996.3   5891.36  0.0687573   15400.3  398.565   0.17414  0.00477155
1004.7   5941.39  0.0508053   24796.4  359.716   0.161762  0.00260556
1274.5   7537.06  0.0418868   39516.2  533.788   0.133687  0.0019256
1596.4   9444.64  0.276464   1393.06  104.515   0.0927521  0.00698898
