0.17484  4.6837e-07
0.156003  0.00120886
42.8   244.071  0.0181557   104747  745.798   0.574681  0.0132383
86.5   494.429  0.0770227   10880.1  364.821   0.925351  0.0321262
105.3   601.726  0.118196   7425.27  354.214   0.906754  0.0448331
123.1   703.189  0.00656907   329072  923.348   0.951764  0.00806886
247.7   1416.27  0.026017   36271.5  390.38   0.618992  0.00762734
591.8   3381.88  0.0498954   12543.4  223.924   0.299081  0.00563268
723.3   4134.49  0.0230736   43554.6  340.54   0.255937  0.0025224
873.2   4994.18  0.0339626   22687  267.857   0.219568  0.00301375
996.3   5697.64  0.0415269   17635.1  254.202   0.199411  0.00338869
1004.7   5746.03  0.0296653   30541.9  304.663   0.199244  0.00242804
1274.5   7288.98  0.0233703   49442.5  365.848   0.167269  0.00149378
1596.4   9132.26  0.139844   2003.69  91.3221   0.133409  0.00615168
