0.165283  5.97695e-06
0.269405  0.0370424
123.1   743.238  0.461824   13349.3  861.709   0.0386097  0.00251136
247.7   1498.11  0.425615   9853.55  603.185   0.168156  0.010343
591.8   3578.21  0.393748   4741.46  278.673   0.113054  0.00667915
723.3   4374.45  0.125836   22455.2  345.742   0.131952  0.00218047
873.2   5280.68  0.176668   12011.4  313.155   0.116249  0.00313811
996.3   6025.48  0.286168   9954.16  440.642   0.112558  0.00508454
1004.7   6078.24  0.175818   12671.4  496.161   0.0826634  0.00328808
1274.5   7709.35  0.0984599   28187.3  458.573   0.0953607  0.00162302
1596.4   9659.5  14.7241   936.526  132.685   0.0623555  0.00884517
