0.168589  1.94673e-06
0.167426  0.00944413
123.1   729.037  0.0648527   12698.2  317.138   0.0367266  0.000963154
247.7   1469.51  0.0824882   9019.22  270.644   0.153918  0.00471011
591.8   3508.29  0.120141   5238.35  178.45   0.124902  0.00432042
723.3   4288.64  0.0542281   18652.5  245.304   0.109606  0.0015844
873.2   5178.27  0.0849342   9022.29  223.703   0.0873193  0.00224967
996.3   5908.84  0.105546   8119.23  346.42   0.0918091  0.00400338
1004.7   5959.33  0.0774592   11253  241.232   0.0734102  0.00165548
1274.5   7558.84  0.0675691   17885.5  310.619   0.0605085  0.00109354
1596.4   9471.21  0.466361   634.501  102.995   0.0422462  0.00686394
