0.171503  6.61432e-07
0.115593  0.00195325
42.8   249.184  0.128788   131397  6007.88   0.720892  0.0365496
86.5   504.403  0.145225   14854.3  631.833   1.26336  0.054927
105.3   613.287  0.200968   7377.49  476.63   0.900919  0.0593715
123.1   717.08  0.0102053   358434  990.278   1.03669  0.00877413
247.7   1444.14  0.0402704   38315.9  504.319   0.653882  0.00945853
591.8   3449  0.0752066   12776.3  252.549   0.304635  0.00629301
723.3   4216.36  0.033128   43475.8  350.844   0.255474  0.00256904
873.2   5091.23  0.0487061   22970.3  338.095   0.222311  0.00362334
996.3   5808.6  0.0597636   17369.1  366.546   0.196403  0.00450594
1004.7   5858.02  0.041705   29723.8  387.14   0.193907  0.00286719
1274.5   7430.56  0.0324511   48939.8  514.998   0.165569  0.00192897
1596.4   9308.56  0.194256   1953.11  130.745   0.130042  0.00875271
