0.139236  4.98202e-07
0.0840904  0.00147196
42.8   307.204  0.028184   104442  976.711   0.573005  0.0136492
86.5   621.568  0.122412   10495.5  406.805   0.89264  0.0355192
105.3   755.979  0.183654   7770.93  430.998   0.948966  0.0540588
123.1   883.325  0.00987959   317224  917.963   0.917496  0.00780539
247.7   1780.55  0.0382243   34361.8  434.435   0.586403  0.00820639
591.8   4249.87  0.0773953   11919.7  230.536   0.28421  0.00575529
723.3   5194.39  0.0355605   41329.4  339.7   0.242861  0.00247143
873.2   6270.43  0.0554705   20836.1  370.687   0.201655  0.00385529
996.3   7153.97  0.0665859   16329.1  417.527   0.184643  0.00500515
1004.7   7214.8  0.0495696   27070.5  419.09   0.176597  0.00300047
1274.5   9153.11  0.0422157   43166.7  623.189   0.146037  0.00223118
1596.4   11468.4  0.272665   1850.59  249.575   0.123216  0.0166395
