0.170652  1.04081e-06
0.196098  0.00370921
123.1   720.124  0.0198975   114461  633.064   0.331052  0.00321973
247.7   1450.91  0.0681243   19145.8  409.92   0.326734  0.00726501
591.8   3465.3  0.105309   8394.12  222.705   0.200148  0.00544422
723.3   4237.84  0.0438178   30692.5  304.156   0.180356  0.00208936
873.2   5115.86  0.0704272   15999.8  372.327   0.154849  0.00376294
996.3   5836.79  0.0865233   11816.6  363.407   0.133618  0.00428161
1004.7   5886.52  0.0621372   18856.2  349.112   0.12301  0.00243482
1274.5   7466.86  0.0488907   31883.5  550.418   0.107865  0.00193865
1596.4   9353.54  0.325127   1593.91  71.51   0.106125  0.00481887
