0.173138  1.22445e-06
0.136152  0.00557123
123.1   710.093  0.0313157   49814.4  477.679   0.144076  0.00179924
247.7   1430.81  0.0833508   11930.6  332.834   0.203601  0.00580987
591.8   3416.37  0.102135   6671.55  189.181   0.159075  0.00461066
723.3   4177.04  0.0435468   22816.9  264.218   0.134077  0.00174864
873.2   5042.39  0.0637792   12627  238.014   0.122206  0.00245725
996.3   5753.37  0.0817621   10010.4  264.008   0.113193  0.00315434
1004.7   5802.45  0.0555488   16852.7  290.034   0.109941  0.0020426
1274.5   7360.27  0.0431654   27987.7  326.504   0.0946852  0.00120178
1596.4   9220.83  0.307053   966.35  63.9241   0.0643412  0.00427994
