0.135788  4.15025e-07
0.218216  0.00141159
42.8   314.399  0.0232618   126070  1009.99   0.691666  0.0161343
86.5   635.771  0.153417   12512  525.067   1.06414  0.0456723
105.3   774.258  0.193738   8023.18  473.501   0.979769  0.0592089
123.1   904.687  0.0102034   336677  942.096   0.973759  0.00825286
247.7   1824.13  0.039629   36479.8  468.793   0.622548  0.00882924
591.8   4356.78  0.0740785   12554.9  237.884   0.299355  0.00594965
723.3   5324.85  0.0334024   43364  341.797   0.254817  0.00252419
873.2   6429.28  0.0494325   23554.1  345.541   0.227961  0.00370541
996.3   7335.43  0.0605533   17522.9  396.412   0.198142  0.00482417
1004.7   7397.83  0.0439554   29292  419.889   0.19109  0.00304835
1274.5   9384.22  0.0343666   48655.7  577.968   0.164607  0.00212148
1596.4   11753.6  0.19937   1996.23  116.632   0.132913  0.00782111
