0.387714  3.26662e-06
0.124614  0.00430514
42.8   110.451  0.0358732   8688.39  196.003   0.0604499  0.00190295
86.5   222.758  0.157902   3794.55  297.112   0.432942  0.0341224
105.3   271.61  0.195812   1612.41  196.143   0.264149  0.0323156
123.1   317.124  0.0104337   70516.1  474.418   0.258057  0.00269744
247.7   638.872  0.0404986   7768.13  196.178   0.167735  0.00435394
591.8   1525.72  0.0770394   2690.18  114.203   0.0811605  0.00347965
723.3   1865.15  0.0324118   9478.14  166.352   0.0704711  0.00130712
873.2   2252.18  0.0469528   4760.54  120.872   0.0582959  0.00153538
996.3   2569.55  0.0584859   3807.06  112.228   0.0544689  0.00167885
1004.7   2591.3  0.0407023   6659.47  139.294   0.0549689  0.00121244
1274.5   3286.65  0.0314785   10714.9  161.889   0.0458662  0.000729944
1596.4   4119.24  0.237469   362.321  51.8793   0.0305237  0.00437578
