0.161727  9.11893e-07
0.112844  0.00214449
42.8   264.048  0.0285536   27223.7  296.08   0.18941  0.0046409
86.5   534.956  0.142236   3338.27  205.507   0.380883  0.0236967
105.3   651.135  0.208709   1850.13  187.247   0.303093  0.0309273
123.1   760.294  0.012815   79158.1  466.946   0.289682  0.00287934
247.7   1532.66  0.0505137   8872.26  185.901   0.191577  0.00417545
591.8   3657.93  0.106515   3182.34  112.368   0.0960087  0.00343863
723.3   4472.59  0.0501206   10446.2  167.585   0.0776691  0.00133031
873.2   5398.76  0.0778105   5634.4  131.456   0.0689969  0.00168066
996.3   6160.11  0.095449   4317.72  115.802   0.0617751  0.00174761
1004.7   6212.22  0.0709662   7370.61  142.639   0.0608388  0.00125203
1274.5   7878.53  0.0571272   12307  171.468   0.0526811  0.000779819
1596.4   9871.56  0.381812   461.418  42.6273   0.0388721  0.00360143
