0.169169  7.01815e-07
0.247144  0.00158575
42.8   252.46  0.0220731   34646.6  326.609   0.241055  0.00575979
86.5   511.176  0.101054   5048.42  253.109   0.576004  0.0293404
105.3   621.299  0.128594   2711.71  182.72   0.44424  0.0304857
123.1   725.926  0.00888698   117338  547.735   0.429402  0.00397725
247.7   1464.08  0.0344009   13329.9  215.613   0.28783  0.00496566
591.8   3496.23  0.073706   4461.69  127.364   0.134606  0.00392644
723.3   4275.18  0.0348044   15733.1  201.781   0.116977  0.00165632
873.2   5160.44  0.0531088   8323.33  149.799   0.101925  0.00196825
996.3   5888.23  0.066426   6374.05  134.769   0.0911958  0.0020956
1004.7   5938.35  0.0498667   10724.4  168.162   0.0885216  0.00152008
1274.5   7531.23  0.0401122   17718.6  201.186   0.0758464  0.000940998
1596.4   9435.76  0.323588   756.444  52.2328   0.0637265  0.0044229
