0.15781  7.861e-07
0.139808  0.00203575
42.8   270.736  0.025375   39088.8  346.072   0.271962  0.00643835
86.5   547.719  0.158372   4255.89  242.324   0.48558  0.0279915
105.3   666.501  0.206905   2374.45  187.166   0.388988  0.0310762
123.1   778.991  0.0129346   102651  524.427   0.375657  0.00356577
247.7   1569.58  0.050037   11060.6  202.857   0.238829  0.00460869
591.8   3748.56  0.104061   3777.26  124.033   0.113957  0.00380394
723.3   4582.74  0.0474368   12775.4  184.282   0.0949867  0.00148396
873.2   5532.41  0.0713651   6688.32  141.593   0.0819028  0.00182623
996.3   6312.31  0.0849395   5171.97  122.714   0.0739972  0.00187778
1004.7   6365.91  0.0630306   8986.42  156.768   0.074176  0.00139429
1274.5   8075  0.0502933   14438.8  182.988   0.0618069  0.000842056
1596.4   10117.1  0.326154   608.968  44.177   0.0513025  0.00373897
