0.169124  1.04578e-06
0.16109  0.0022445
42.8   252.01  0.0258413   45988.2  381.088   0.319965  0.00750882
86.5   510.348  0.158838   6391.07  313.892   0.729196  0.0364101
105.3   621.929  0.193116   2983.08  217.561   0.488697  0.0362032
123.1   726.874  0.0130967   130932  599.844   0.479152  0.00441726
247.7   1464.83  0.051038   14526.6  236.747   0.31367  0.00544746
591.8   3497.59  0.11067   4760.43  143.311   0.143618  0.00440861
723.3   4275.96  0.0530844   16745  221.791   0.124501  0.00181035
873.2   5162.23  0.0788285   8749.67  170.199   0.107145  0.00221504
996.3   5889.87  0.101943   6352.33  148.555   0.090885  0.00227739
1004.7   5939.79  0.0738574   11345.9  186.596   0.0936515  0.00167391
1274.5   7534.57  0.0605948   18666.1  218.226   0.079902  0.00101598
1596.4   9442.92  1.27682   636.888  162.238   0.0536545  0.0136729
