0.392899  3.92262e-06
0.228026  0.00521931
42.8   108.908  0.051394   6095.13  180.902   0.0424072  0.00156559
86.5   219.616  0.198851   4355.47  341.601   0.496942  0.039231
105.3   267.257  0.237444   1278.83  190.014   0.209501  0.0312476
123.1   312.706  0.0122875   67882.9  469.804   0.24842  0.00262783
247.7   629.932  0.0508087   7725.72  199.691   0.16682  0.00442653
591.8   1504.73  0.0837225   2552.84  110.85   0.0770172  0.00337603
723.3   1839.87  0.0388227   8834.55  166.972   0.0656859  0.00130251
873.2   2222.55  0.0572513   4567.81  122.806   0.0559357  0.00155397
996.3   2535.6  0.0683746   3647.85  113.837   0.052191  0.00169509
1004.7   2557.17  0.0471452   6075.56  135.87   0.0501491  0.00117516
1274.5   3243  0.035855   10093.4  158.769   0.0432056  0.000713135
1596.4   4063.48  0.268353   308.012  43.9104   0.0259484  0.00370369
