0.170437  7.32922e-07
0.102905  0.00175882
42.8   250.322  0.0210611   51246.1  393.75   0.356548  0.00829382
86.5   507.041  0.105377   6540.15  270.077   0.746204  0.0315381
105.3   617.403  0.150891   3066.43  197.502   0.50235  0.0330078
123.1   721.583  0.0102446   140928  601.533   0.51573  0.00467637
247.7   1454.27  0.0401073   14774.7  230.917   0.319027  0.00534093
591.8   3470.99  0.0812094   5133.28  139.31   0.154867  0.00430436
723.3   4244.04  0.0383142   17108.3  213.197   0.127202  0.00175931
873.2   5123.18  0.0563267   8915.39  160.51   0.109175  0.00210889
996.3   5845.08  0.0694399   6986.61  142.303   0.0999598  0.00222589
1004.7   5894.75  0.0494257   11891.5  177.733   0.0981554  0.00161998
1274.5   7476.17  0.039934   18413.8  203.917   0.0788219  0.000957733
1596.4   9367.66  0.32729   629.513  50.1814   0.0530332  0.00424379
