0.171061  8.36658e-07
0.100172  0.00224735
42.8   249.723  0.0276156   36610.6  347.403   0.25472  0.00609256
86.5   504.925  0.214339   6407.89  377.774   0.731115  0.0436018
105.3   614.767  0.239202   2498.27  219.032   0.409274  0.0362747
123.1   718.982  0.0131183   112711  559.461   0.41247  0.00388332
247.7   1448.01  0.0473802   13780.2  231.626   0.297553  0.00531054
591.8   3457.67  0.0936717   4808.88  139.619   0.14508  0.0043012
723.3   4228.12  0.0422412   17277.5  217.202   0.12846  0.00178942
873.2   5103.84  0.064247   8836.42  162.722   0.108208  0.00213175
996.3   5823.06  0.0774592   7175.65  147.241   0.102664  0.00230035
1004.7   5872.82  0.0545665   12524.1  184.117   0.103377  0.00168324
1274.5   7449.96  0.0436174   20230.1  215.622   0.0865971  0.0010195
1596.4   9333.88  0.319888   859.301  55.7788   0.0723917  0.00472632
