0.164083  1.33791e-06
0.111219  0.00416215
42.8   260.205  0.0500619   22803.2  300.59   0.158654  0.00406298
86.5   526.892  0.37653   3613.46  315.658   0.412281  0.036206
105.3   640.865  0.491273   1663.24  248.866   0.272477  0.0409235
123.1   749.436  0.0261051   75597.1  501.081   0.27665  0.00287416
247.7   1510.11  0.0954049   8379.51  205.888   0.180937  0.00457633
591.8   3604.8  0.165009   2920.81  116.347   0.0881183  0.00354967
723.3   4407.89  0.072675   9726.89  169.939   0.0723205  0.00133595
873.2   5321.21  0.106123   5099.83  131.382   0.0624507  0.00166719
996.3   6071.38  0.132475   3905.55  116.218   0.0558781  0.00173716
1004.7   6122.81  0.0934267   7161.69  145.6   0.0591143  0.00127106
1274.5   7766.21  0.0726961   11365.7  164.609   0.0486518  0.000745434
1596.4   9729.98  0.673776   503.667  57.2721   0.0424314  0.00483401
