0.378561  3.57498e-06
-0.0172339  0.00519994
42.8   113.15  0.033753   12597.9  217.026   0.0876506  0.00244612
86.5   229.241  0.18842   4779  327.715   0.545264  0.0377116
105.3   278.355  0.394331   1468.96  267.699   0.24065  0.0439665
123.1   325.181  0.0134426   69464.6  468.241   0.254208  0.00265933
247.7   654.886  0.0548064   7639.86  197.972   0.164966  0.00438785
591.8   1563.16  0.0927259   2605.77  113.652   0.0786139  0.00346108
723.3   1910.82  0.0385106   9171.74  167.362   0.0681929  0.0013099
873.2   2306.68  0.0568324   4696.42  121.536   0.0575108  0.00154177
996.3   2631.77  0.0654796   3728.82  110.75   0.0533496  0.00165568
1004.7   2654.09  0.046751   6382.17  136.122   0.05268  0.00118255
1274.5   3366.64  0.0340681   10305.2  153.92   0.0441125  0.000694806
1596.4   4219.29  0.294694   357.939  50.9073   0.0301545  0.00429387
