0.170575  1.09022e-06
0.203054  0.00259358
42.8   250.35  0.0353231   32307  342.672   0.224778  0.0054809
86.5   506.553  0.18408   5692.97  335.717   0.649544  0.0387475
105.3   615.967  0.289317   3121.08  250.041   0.511303  0.0414982
123.1   720.29  0.014564   116606  573.441   0.426724  0.00400722
247.7   1451.67  0.0554053   13005.3  225.353   0.280821  0.00514945
591.8   3467.19  0.114081   4516  136.381   0.136244  0.00419492
723.3   4240.23  0.0537105   15809.2  211.22   0.117543  0.00172153
873.2   5118.51  0.080636   8228.72  163.548   0.100766  0.00212333
996.3   5839.89  0.100431   6338.64  145.888   0.0906892  0.00224118
1004.7   5889.22  0.0744187   10952.9  179.495   0.0904081  0.0016111
1274.5   7469.63  0.0600765   17525.8  204.244   0.0750207  0.000951356
1596.4   9362.23  0.767049   551.035  92.697   0.0464218  0.00781601
