0.164873  1.03121e-06
0.0923212  0.00240395
42.8   259.133  0.0312668   25946.7  294.057   0.180526  0.00446048
86.5   524.913  0.173013   3271.81  215.387   0.3733  0.0248033
105.3   638.071  0.2519   1935.93  189.071   0.31715  0.0312474
123.1   745.955  0.014123   79368.1  471.765   0.290451  0.00289478
247.7   1503.1  0.0533081   8959.12  188.119   0.193452  0.00422459
591.8   3588.18  0.112486   3020.39  106.227   0.0911227  0.00325108
723.3   4386.79  0.0541841   10698.1  171.681   0.0795415  0.00136277
873.2   5295.62  0.0826384   5537.87  129.326   0.0678149  0.00165329
996.3   6042.77  0.106009   4157.09  114.901   0.059477  0.00172889
1004.7   6093.59  0.0749739   7491.56  143.919   0.0618371  0.00126434
1274.5   7728.93  0.0627598   11816.6  166.497   0.0505822  0.000756249
1596.4   9682.89  0.417342   560.534  44.9357   0.0472221  0.0038
