0.165218  6.58799e-07
0.162143  0.00147643
42.8   258.562  0.0184405   50189.8  378.755   0.349198  0.00810717
86.5   523.181  0.0978545   6461.78  267.758   0.737263  0.0312624
105.3   636.995  0.12762   3190.45  191.891   0.522668  0.0321621
123.1   743.858  0.00870837   132363  577.311   0.484389  0.00441361
247.7   1499.55  0.0343024   14420.7  222.074   0.311383  0.00514631
591.8   3580.31  0.0727295   5015.53  133.699   0.151314  0.00413449
723.3   4377.84  0.0357064   16689.7  207.416   0.12409  0.00171248
873.2   5284.71  0.054676   8730.01  156.068   0.106905  0.00205244
996.3   6029.62  0.0656467   6628.36  139.026   0.0948343  0.00216449
1004.7   6080.94  0.0484142   11584.5  173.668   0.0956211  0.00158207
1274.5   7711.7  0.0401009   18693.3  204.032   0.0800187  0.000960659
1596.4   9661.44  0.240054   807.711  48.1457   0.0680455  0.0040839
