0.167805  1.05455e-06
0.155844  0.00294624
42.8   254.435  0.0371607   28888.8  323.078   0.200995  0.00495253
86.5   515.019  0.258849   5002.19  340.526   0.57073  0.0391907
105.3   627.236  0.34683   2327.01  233.069   0.381216  0.0385023
123.1   732.439  0.0175504   93657.8  530.108   0.342744  0.00335883
247.7   1476.51  0.0620702   11436.3  219.138   0.24694  0.00495834
591.8   3525.2  0.116623   4171.84  134.393   0.125861  0.00412424
723.3   4310.24  0.0538646   14562  204.421   0.10827  0.0016529
873.2   5203.25  0.082301   7765.89  161.178   0.0950984  0.00208297
996.3   5936.73  0.102139   6013.47  140.384   0.0860368  0.00215262
1004.7   5986.93  0.0711317   10612.9  172.691   0.0876015  0.00155173
1274.5   7593.2  0.0564302   16933.7  197.692   0.0724865  0.000920586
1596.4   9516.51  0.918488   138.608  70.678   0.011677  0.00595482
