0.166023  1.93305e-06
0.17425  0.00724903
42.8   257.092  0.117393   32963.1  910.978   0.229342  0.00809492
86.5   520.459  0.504673   6107.46  477.423   0.696837  0.0548319
105.3   633.415  1.64797   2050.15  694.862   0.335862  0.113918
123.1   740.092  0.0429864   97467.1  720.038   0.356684  0.00388402
247.7   1492.61  0.151314   10307.1  268.95   0.22256  0.00595893
591.8   3564.28  0.259737   3608.78  154.739   0.108874  0.00471383
723.3   4356.89  0.104978   11897.8  200.337   0.0884618  0.00158127
873.2   5258.95  0.1477   6281.39  148.313   0.0769197  0.00189432
996.3   6000.04  0.178831   4933.43  139.703   0.0705844  0.0020973
1004.7   6051.02  0.123369   8284.24  164.74   0.0683801  0.00144159
1274.5   7674.68  0.0893115   12977  179.893   0.0555493  0.000818607
1596.4   9615.2  1.13758   628.429  66.3214   0.0529419  0.00559951
