0.367513  3.11083e-06
0.0505129  0.00431572
42.8   116.467  0.0237879   20821.2  264.801   0.144865  0.00367569
86.5   235.139  0.147261   4236.48  283.639   0.483366  0.0326532
105.3   286.527  0.287949   1466.25  239.844   0.240205  0.0394157
123.1   334.772  0.0119996   65038.9  451.105   0.238012  0.00252009
247.7   674.054  0.0456743   7187.46  188.486   0.155197  0.0041751
591.8   1609.34  0.0767135   2568.41  109.959   0.0774868  0.00334981
723.3   1968.02  0.0362446   8677.83  161.096   0.0645207  0.00125878
873.2   2376.08  0.0514315   4633  118.924   0.0567341  0.00150948
996.3   2710.68  0.0602785   3589.88  107.4   0.0513617  0.00160464
1004.7   2733.68  0.0446282   6066.53  132.645   0.0500746  0.00114963
1274.5   3467.66  0.0332119   9832.77  151.849   0.0420901  0.000683223
1596.4   4347.66  0.252824   406.002  40.5389   0.0342036  0.00342357
