0.143646  7.91254e-07
0.102344  0.00283308
42.8   297.276  0.0560757   17079.7  266.326   0.118833  0.00320012
86.5   601.394  0.282649   3946.42  320.447   0.450271  0.0367856
105.3   732.997  0.424557   1878.96  226.688   0.307816  0.0373515
123.1   856.18  0.018804   83446.5  498.94   0.305376  0.00304994
247.7   1724.63  0.0680699   10280.3  208.306   0.22198  0.00469095
591.8   4118.17  0.130818   3704.46  125.296   0.11176  0.00383908
723.3   5034.84  0.0543246   13966.2  195.877   0.103841  0.00158404
873.2   6077.96  0.081939   7354.09  150.758   0.0900557  0.00195079
996.3   6935.02  0.097293   5755.41  131.181   0.0823446  0.00201787
1004.7   6993.84  0.0697504   10063.5  165.317   0.0830668  0.00148329
1274.5   8871.53  0.0565799   15497.7  189.491   0.0663395  0.000876334
1596.4   11113.8  0.378674   601.728  46.1164   0.0506925  0.00390124
