0.172795  7.92872e-07
0.209802  0.00192631
42.8   246.775  0.0264532   35065.4  343.392   0.243969  0.00586521
86.5   500.043  0.130704   5804.55  286.215   0.662275  0.0331955
105.3   608.041  0.163337   3011.37  197.105   0.49333  0.032921
123.1   711.081  0.010701   124460  574.631   0.455466  0.004207
247.7   1433.03  0.0408955   14167  228.855   0.305905  0.00527146
591.8   3422.92  0.0849722   4800.1  137.095   0.144815  0.00422631
723.3   4185.05  0.0396719   16330.5  210.41   0.121419  0.00172573
873.2   5052.31  0.0594615   8530.86  160.522   0.104466  0.00209731
996.3   5764.51  0.0720307   6625.76  141.169   0.0947971  0.00219256
1004.7   5813.4  0.0519624   11254.2  172.294   0.0928951  0.00156377
1274.5   7374.22  0.0414919   18565.9  207.687   0.0794732  0.000973788
1596.4   9240.17  0.310163   793.226  54.6884   0.0668252  0.00463091
