0.162327  7.78227e-07
0.110251  0.00202672
42.8   263.026  0.0246462   37736.1  339.278   0.262551  0.00622912
86.5   532.495  0.158699   4459.29  250.887   0.508787  0.0289891
105.3   647.729  0.200217   2380.36  182.536   0.389958  0.0303303
123.1   757.576  0.0125548   100825  521.091   0.368973  0.00351418
247.7   1526.29  0.049845   11070.3  209.212   0.239038  0.00473968
591.8   3644.33  0.0990806   3747.55  121.393   0.11306  0.00372462
723.3   4455.49  0.0457667   12870.4  187.508   0.0956929  0.00150775
873.2   5379  0.0653578   6808.65  140.691   0.0833763  0.00181902
996.3   6137.26  0.0826546   5134.94  123.985   0.0734673  0.00189312
1004.7   6189.25  0.0582824   8916.22  154.91   0.0735966  0.00137854
1274.5   7850.03  0.0462534   14676.2  183.952   0.0628227  0.000847764
1596.4   9833.97  0.285795   643.412  44.5081   0.0542042  0.00376873
