0.16416  9.64697e-07
0.113355  0.00284826
42.8   259.878  0.043843   21461.6  286.077   0.14932  0.00383536
86.5   526.495  0.272103   4725.64  330.576   0.539176  0.0380282
105.3   641.164  0.338654   1890.25  206.628   0.309666  0.0340889
123.1   749.198  0.0167055   91023.2  517.358   0.333103  0.00326892
247.7   1509.19  0.0630735   10768.2  212.203   0.232515  0.00478973
591.8   3602.52  0.116393   4049.46  132.409   0.122169  0.00406137
723.3   4405.07  0.0525304   13674.6  193.687   0.101672  0.00156397
873.2   5317.83  0.0785631   7254.09  150.502   0.088831  0.00194507
996.3   6067.9  0.0921419   5692.69  129.673   0.0814473  0.00199484
1004.7   6119.52  0.0675505   9862.2  165.475   0.081405  0.00147997
1274.5   7763.55  0.053354   15404.9  186.501   0.0659423  0.000863741
1596.4   9727.34  0.43461   561.749  46.0164   0.0473245  0.00389078
