0.174701  7.16275e-07
0.197168  0.00172307
42.8   244.437  0.0200937   50872.9  391.608   0.353951  0.00823509
86.5   494.631  0.113312   7035.77  290.342   0.802753  0.0339055
105.3   602.26  0.143779   3243.4  201.787   0.531343  0.0337713
123.1   703.318  0.00984293   139651  600.718   0.51106  0.00464202
247.7   1417.7  0.0374471   15237  232.078   0.329008  0.005386
591.8   3384.45  0.0750223   5141  137.259   0.1551  0.00424427
723.3   4138.3  0.0363356   17351.9  213.363   0.129013  0.00176516
873.2   4997.8  0.0521695   9436.3  162.619   0.115554  0.00214938
996.3   5701.94  0.0649674   7251.09  144.273   0.103744  0.00226552
1004.7   5750.49  0.0463063   12244.5  178.074   0.101069  0.00163127
1274.5   7294.15  0.0368958   19776.1  209.746   0.0846534  0.000992606
1596.4   9138.93  0.218437   867.267  49.6484   0.0730628  0.00421378
