0.171132  1.16667e-06
0.269988  0.00337396
42.8   249.2  0.0497367   17994.7  271.431   0.125199  0.00333506
86.5   503.964  0.319831   4625.74  328.059   0.527779  0.0377304
105.3   614.744  0.432417   1786.43  229.852   0.292658  0.0378467
123.1   717.531  0.0190709   78974.6  494.157   0.289011  0.0029353
247.7   1447.27  0.0694425   9173  204.301   0.19807  0.00456871
591.8   3456.09  0.131805   3488.89  124.496   0.105257  0.00380866
723.3   4225.26  0.0591759   11891.8  185.627   0.0884168  0.00147861
873.2   5101.06  0.0850487   6425.4  144.347   0.0786832  0.00185145
996.3   5820.29  0.104383   5052.79  127.309   0.072292  0.00193416
1004.7   5869.6  0.0759236   8721.53  161.386   0.0719896  0.00142425
1274.5   7445.53  0.0588087   13936.1  180.936   0.0596547  0.000829963
1596.4   9327.8  0.390624   660.752  49.2767   0.055665  0.00416955
