0.179419  1.24882e-06
0.0636717  0.0025909
42.8   238.306  0.0335142   20397.4  267.244   0.141916  0.00362849
86.5   482.869  0.182836   3331.26  232.126   0.380083  0.0267046
105.3   587.617  0.241964   1549.19  175.935   0.253793  0.0290104
123.1   685.652  0.0136252   76078.9  464.568   0.278414  0.00280201
247.7   1381.84  0.0542076   8704.04  189.42   0.187944  0.00424271
591.8   3297.58  0.116009   2989.84  110.831   0.0902011  0.00338719
723.3   4030.45  0.0540732   10169.4  170.738   0.0756108  0.00134808
873.2   4866.3  0.0861075   5436.04  132.109   0.0665679  0.00168353
996.3   5552.34  0.111717   4276.63  117.596   0.0611872  0.00177031
1004.7   5599.49  0.0776317   7344.71  145.603   0.060625  0.00127457
1274.5   7103.45  0.0632132   11619.6  168.265   0.0497387  0.000762001
1596.4   8900.35  0.975947   444.103  58.0107   0.0374134  0.00489412
