0.364555  3.17492e-06
0.0327367  0.0086973
123.1   337.372  0.04391   23601.3  622.903   0.0109075  0.000300813
247.7   679.726  0.0377811   17721.3  412.501   0.0483244  0.00116162
591.8   1623.24  0.0390731   12151.3  278.014   0.0462966  0.00109505
723.3   1984.03  0.0152075   46642.2  393.588   0.0437955  0.000453463
873.2   2395.16  0.0209744   26616.9  300.777   0.0411625  0.000547159
996.3   2732.56  0.0250721   21050.8  287.955   0.0380356  0.000622805
1004.7   2755.79  0.017912   36380.2  345.206   0.0379231  0.000447169
1274.5   3495.96  0.0126516   65030.3  402.048   0.0351546  0.000279524
1596.4   4380.72  0.0830336   2845.53  114.21   0.030274  0.00123343
