0.179439  1.64803e-06
-0.122812  0.00882344
123.1   686.092  0.0856191   22132.3  600.131   0.0102286  0.000289174
247.7   1381.71  0.0702179   19554.3  433.738   0.0533228  0.00122527
591.8   3297.96  0.0791376   13370.2  283.084   0.0509407  0.00112102
723.3   4031.68  0.0321738   49461  404.1   0.0464422  0.000470765
873.2   4866.89  0.0465314   27652.3  309.172   0.0427637  0.000564105
996.3   5552.73  0.0572515   21769.4  289.772   0.039334  0.000632021
1004.7   5600.13  0.0409049   38217.2  352.806   0.0398381  0.000461542
1274.5   7103.35  0.0306612   68212.6  413.831   0.0368749  0.000289899
1596.4   8896.97  0.23118   3719.58  116.138   0.039573  0.00126627
