0.180758  1.47132e-06
0.0966133  0.00768499
123.1   680.155  0.0635044   38970.5  678.11   0.0180104  0.000344927
247.7   1370.55  0.0607121   31054.6  507.662   0.084683  0.00147465
591.8   3272.52  0.0749061   18351.7  327.769   0.0699202  0.00131739
723.3   4000.84  0.031227   66061  468.69   0.0620291  0.000576357
873.2   4830.41  0.0455895   36139.3  353.752   0.0558887  0.000672562
996.3   5511.08  0.0564694   27100.3  330.899   0.0489661  0.00074275
1004.7   5558.02  0.039362   48697.4  400.027   0.0507628  0.000547859
1274.5   7050.3  0.0295936   85460.3  462.7   0.0461988  0.000340475
1596.4   8831.15  0.220037   4348.24  125.296   0.0462614  0.00137181
