0.161908  7.316e-07
-0.0472282  0.00401999
123.1   759.303  0.0332492   35102.9  526.539   0.016223  0.00027579
247.7   1530.6  0.0335046   30765.5  423.231   0.0838948  0.00125911
591.8   3653.97  0.0475325   17391.2  282.63   0.0662607  0.00114787
723.3   4468.47  0.0213019   63169.2  427.643   0.0593138  0.000536553
873.2   5393.59  0.0317804   34821.4  324.712   0.0538507  0.000627901
996.3   6154.09  0.038453   27810.6  301.274   0.0502496  0.000707707
1004.7   6206.43  0.0278551   48104  371.569   0.0501442  0.000522715
1274.5   7871.15  0.0221355   82689.3  444.786   0.0447009  0.000328281
1596.4   9860.89  0.196815   3578.6  145.722   0.0380732  0.0015731
