0.176109  8.53996e-07
0.110639  0.00403387
123.1   698.144  0.0273849   44103.4  550.46   0.0203827  0.000302171
247.7   1407.02  0.032102   34895.9  447.804   0.0951579  0.00134801
591.8   3357.55  0.0507104   18945.6  300.356   0.072183  0.00122357
723.3   4106.22  0.0227023   69375.6  452.985   0.0651414  0.000577646
873.2   4957.61  0.0351401   37759.9  345.174   0.0583949  0.000672336
996.3   5656.52  0.0446084   29482.2  323.038   0.0532699  0.000755338
1004.7   5704.79  0.0314064   50763.9  391.399   0.052917  0.000551066
1274.5   7236.52  0.025829   88492.9  462.663   0.0478382  0.000346075
1596.4   9064.01  0.200735   4290.83  120.829   0.0456506  0.00132464
