0.405599  3.8324e-06
-0.404236  0.00940771
123.1   304.12  0.0421919   30102.8  676.048   0.0139122  0.000331671
247.7   612.734  0.0358509   18174.9  426.748   0.0495613  0.0012011
591.8   1459.75  0.0430275   12063.3  280.51   0.0459613  0.00110375
723.3   1784  0.0163292   46877.7  401.658   0.0440166  0.000460419
873.2   2153.67  0.0227393   26253.1  307.625   0.0405999  0.00055416
996.3   2457.42  0.0269292   19820  284.278   0.0358117  0.000606395
1004.7   2478.42  0.0187607   35636.8  340.957   0.0371482  0.000440388
1274.5   3143.26  0.0135606   62576.7  399.02   0.0338282  0.000274112
1596.4   3937.15  0.113125   2964.28  119.104   0.0315373  0.00128625
