0.165159  8.71599e-07
0.0385427  0.00473981
123.1   744.121  0.0403684   30865.1  519.055   0.0142645  0.000265645
247.7   1500  0.0375895   29660.3  422.695   0.0808809  0.00125064
591.8   3581.83  0.0540597   16995  282.248   0.064751  0.0011434
723.3   4379.69  0.0234459   61768.3  425.337   0.0579984  0.000529716
873.2   5286.67  0.0352071   34446  325.332   0.0532701  0.00062624
996.3   6032.22  0.043188   27104.2  301.153   0.0489732  0.000700253
1004.7   6083.5  0.0310219   47015.4  372.247   0.0490094  0.000517943
1274.5   7716.15  0.0244284   80958.6  438.918   0.0437653  0.000322775
1596.4   9664.86  0.210202   3735.98  124.081   0.0397475  0.00134912
