0.181609  1.36383e-06
0.190929  0.00688193
123.1   676.761  0.0518553   28331.7  572.892   0.0130937  0.000284734
247.7   1363.82  0.0542379   22463.8  440.431   0.0612569  0.001256
591.8   3256.25  0.0698695   14012.5  291.768   0.0533877  0.00115687
723.3   3981.11  0.0299779   52314.1  421.33   0.0491212  0.000493331
873.2   4807.5  0.0446762   29376.6  327.304   0.0454303  0.000597778
996.3   5485.03  0.054651   22175  300.091   0.0400669  0.00065118
1004.7   5531.75  0.0387564   38699.8  364.906   0.0403411  0.000473744
1274.5   7016.73  0.0300992   70736.1  437.538   0.0382391  0.00030414
1596.4   8788.34  0.224904   3743.67  115.255   0.0398293  0.00125751
