0.366466  9.02749e-07
0.0925013  0.00132575
42.8   116.728  0.00802384   270535  950.384   0.237781  0.00528864
86.5   236.089  0.0514078   50939.7  1046.57   0.740088  0.0166002
105.3   287.349  0.0733563   16727.8  642.51   0.348956  0.0141502
123.1   335.626  0.00363603   871199  1607.05   0.40263  0.00330556
247.7   675.96  0.0143929   96138.5  677.588   0.262161  0.00242658
591.8   1614.05  0.0251429   33127.1  383.598   0.126214  0.00164606
723.3   1973.47  0.0109204   114001  570.206   0.107043  0.000836155
873.2   2382.55  0.0155921   59656.3  422.789   0.0922573  0.000918999
996.3   2718.08  0.0184707   47145.5  381.296   0.0851848  0.00103074
1004.7   2741.15  0.0133662   80264  476.818   0.0836682  0.000768159
1274.5   3477.2  0.00987465   128936  542.107   0.0697012  0.000455344
1596.4   4359.69  0.0294003   5132.6  48.2299   0.0546063  0.000639849
