0.169116  4.03551e-07
0.0314362  0.000906238
42.8   252.917  0.0111641   319125  1073.25   0.280488  0.006232
86.5   511.423  0.0634263   39794.4  746.637   0.578161  0.0120311
105.3   622.268  0.0894307   21830.9  613.868   0.455409  0.0141081
123.1   727.7  0.00521083   970207  1752.11   0.448387  0.00367736
247.7   1464.68  0.0205776   109549  695.087   0.298731  0.0026087
591.8   3498.17  0.0425364   36370.4  399.868   0.138571  0.0017356
723.3   4277.1  0.020352   128315  615.081   0.120484  0.00092528
873.2   5163.22  0.0308696   65229.3  473.54   0.100876  0.00101731
996.3   5891.03  0.0389932   49620.8  417.174   0.0896572  0.00110421
1004.7   5940.84  0.0279538   88483.5  520.899   0.0922363  0.000843628
1274.5   7535.87  0.0230434   141472  598   0.076478  0.000500726
1596.4   9445.54  0.431941   4506.12  618.311   0.0479412  0.00658684
