0.171038  2.76062e-07
0.0955232  0.000674434
42.8   250.033  0.00860332   336444  1039.97   0.295711  0.00655853
86.5   505.605  0.0450265   40181.3  703.606   0.583783  0.0114937
105.3   615.045  0.0596362   24084  572.591   0.502411  0.0136138
123.1   719.055  0.0038505   1.07206e+06  1681.1   0.495459  0.00403909
247.7   1448.2  0.0146345   121378  686.572   0.330987  0.0027293
591.8   3458.21  0.0295177   41790.1  405.974   0.159221  0.001818
723.3   4228.78  0.0137652   146241  624.504   0.137316  0.00101126
873.2   5104.7  0.0206111   75801.4  466.566   0.117225  0.00109268
996.3   5823.97  0.0258903   59286  445.567   0.107121  0.00125603
1004.7   5873.52  0.0183715   103041  527.563   0.107411  0.000931533
1274.5   7451.03  0.0148899   165996  613.707   0.0897353  0.000558012
1596.4   9336.03  0.150954   7123.63  171.834   0.0757892  0.00190358
