0.180749  1.52263e-06
0.126356  0.00797349
123.1   680.167  0.0651387   39128.9  704.613   0.0180837  0.00035633
247.7   1370.5  0.0658696   32248  661.132   0.0879375  0.00187847
591.8   3272.56  0.0758702   17844.1  439.747   0.0679862  0.00172438
723.3   4000.84  0.031227   66061  468.69   0.0620291  0.000576357
873.2   4830.54  0.0459516   35480.2  372.533   0.0548695  0.00069241
996.3   5511.27  0.0558755   28452.6  338.084   0.0514095  0.000766313
1004.7   5557.87  0.0392626   50790  407.323   0.0529441  0.000563591
1274.5   7050.52  0.0295885   84837.1  491.915   0.045862  0.000351138
1596.4   8835.63  0.602114   3179.51  211.913   0.0338272  0.00226697
