0.163282  3.44889e-07
0.0948728  0.00108862
42.8   261.398  0.0113168   318441  1162.86   0.279887  0.00623139
86.5   529.303  0.0622591   40613.8  762.008   0.590066  0.0122788
105.3   644.843  0.0868007   23449.5  634.002   0.489175  0.0146752
123.1   753.221  0.00750269   1.01768e+06  2023.87   0.470327  0.00387713
247.7   1517.29  0.019323   115306  702.098   0.314429  0.00268788
591.8   3622.26  0.0386539   39719.5  416.662   0.151332  0.00182881
723.3   4429.88  0.0178338   136720  617.673   0.128375  0.000964187
873.2   5347.67  0.026951   71188.2  476.531   0.110091  0.00106629
996.3   6101.43  0.0327567   55043.9  420.618   0.0994559  0.00117422
1004.7   6153.15  0.0238468   96950.3  524.974   0.101062  0.000894392
1274.5   7804.01  0.019393   156082  605.364   0.0843759  0.000533926
1596.4   9778.98  0.490566   5715.58  610.716   0.0608088  0.00651141
