0.165158  8.79385e-07
0.0386744  0.0047904
123.1   744.129  0.0404385   31021.7  527.783   0.0143369  0.000269539
247.7   1500.01  0.0379863   30178.4  458.958   0.0822938  0.00134542
591.8   3581.86  0.0604295   17156.5  320.297   0.0653666  0.00128181
723.3   4379.69  0.0234459   61768.3  425.337   0.0579984  0.000529716
873.2   5286.7  0.035878   34453.3  335.951   0.0532813  0.000639555
996.3   6032.23  0.0430537   26996.9  297.338   0.0487792  0.000693804
1004.7   6083.46  0.0309618   47643.9  371.865   0.0496645  0.000520695
1274.5   7716.2  0.024425   80958.4  450.656   0.0437652  0.000327468
1596.4   9668.06  0.398433   2772.14  298.151   0.0294932  0.00317878
