0.181601  1.37826e-06
0.216126  0.00696171
123.1   676.787  0.0519476   28181.7  580.427   0.0130244  0.000287774
247.7   1363.83  0.0560357   22720  492.069   0.0619555  0.00139237
591.8   3256.37  0.0692859   13513.1  328.589   0.051485  0.00128947
723.3   3981.11  0.0299779   52314.1  421.33   0.0491212  0.000493331
873.2   4807.61  0.044921   28694.5  337.387   0.0443755  0.000607228
996.3   5485.15  0.0541436   22536  299.104   0.040719  0.000652971
1004.7   5531.56  0.0391784   40780  376.523   0.0425096  0.000492541
1274.5   7016.99  0.0297512   68957.4  446.47   0.0372776  0.000304948
1596.4   8793.62  0.559336   2343.86  227.377   0.0249366  0.00242538
