0.173134  6.85205e-07
0.11588  0.00318104
123.1   710.194  0.0179426   150433  862.014   0.0695237  0.000684148
247.7   1430.86  0.0468446   36174.3  580.27   0.0986442  0.00168941
591.8   3416.63  0.0638605   19676  376.239   0.0749657  0.00150238
723.3   4177.27  0.024703   70090.2  463.216   0.0658124  0.000587454
873.2   5042.82  0.0357546   38303.5  362.3   0.0592356  0.000697035
996.3   5753.76  0.0429266   30834.6  323.677   0.0557135  0.00077036
1004.7   5802.64  0.0307504   53491.3  401.762   0.05576  0.000572489
1274.5   7360.49  0.0232462   90550.1  478.093   0.0489503  0.00035595
1596.4   9221.42  0.263543   3819.87  143.717   0.0406401  0.00155526
