0.375036  9.96891e-07
0.12349  0.0013408
42.8   114.065  0.0074597   322436  1001.4   0.283398  0.00628604
86.5   230.907  0.0532909   66053.6  1307.93   0.959673  0.0208733
105.3   280.694  0.0721592   18030.8  669.527   0.376138  0.0147981
123.1   327.821  0.00360027   935779  1699.03   0.432476  0.00354779
247.7   660.163  0.0146104   100521  708.396   0.274112  0.00253703
591.8   1576.66  0.0256108   31423.1  378.55   0.119722  0.00161127
723.3   1928.52  0.0113685   120166  593.597   0.112832  0.000876911
873.2   2328.42  0.0158496   62082.2  438.925   0.0960088  0.000955208
996.3   2656.34  0.0187968   49380.8  404.366   0.0892237  0.00108566
1004.7   2678.84  0.0134657   84090.2  490.621   0.0876566  0.000798787
1274.5   3397.78  0.0100597   134541  562.44   0.072731  0.000474015
1596.4   4258.48  53.458   5532.25  80136.7   0.0588583  0.852584
