0.167314  4.67577e-07
0.25073  0.00153139
42.8   254.829  0.022907   313995  1467.17   0.275979  0.00619683
86.5   516.331  0.145763   45934.8  1221.64   0.667373  0.0187376
105.3   628.437  0.184905   22684.2  842.798   0.473211  0.0186266
123.1   733.986  0.00892477   1.04552e+06  1838.68   0.483194  0.00395785
247.7   1480.54  0.0371465   115832  900.862   0.315864  0.00310265
591.8   3535.05  0.0611803   39618.4  481.516   0.150947  0.00204596
723.3   4322.79  0.0257915   137307  652.582   0.128927  0.000986846
873.2   5217.77  0.0372136   71580.6  548.281   0.110698  0.00114865
996.3   5953.52  0.0442059   55818.6  448.436   0.100856  0.00121673
1004.7   6004.08  0.031412   96901.6  550.265   0.101011  0.000910485
1274.5   7614.98  0.0228782   156809  605.713   0.0847689  0.000535595
1596.4   9540.27  0.196647   7011.18  173.625   0.0745928  0.0019196
