0.162449  2.30304e-07
0.0998431  0.000561271
42.8   263.178  0.00748284   338751  1006.38   0.297738  0.00659861
86.5   532.61  0.036455   35528.9  595.796   0.51619  0.00982402
105.3   647.446  0.0510608   22927.3  536.26   0.478282  0.0127986
123.1   757.016  0.00335757   996599  1594.49   0.460584  0.00375764
247.7   1525.29  0.0131174   110698  634.996   0.301865  0.00250575
591.8   3641.85  0.0278202   37880.9  374.685   0.144326  0.00166967
723.3   4452.18  0.0128749   130977  580.882   0.122983  0.0009176
873.2   5374.25  0.0195088   68678.2  435.525   0.106209  0.00100319
996.3   6132.36  0.0237686   54392.7  394.783   0.0982794  0.0011363
1004.7   6184.51  0.0173801   92384.7  488.146   0.0963029  0.00084461
1274.5   7844.62  0.0140605   149126  575.077   0.0806159  0.000509038
1596.4   9827.62  0.0943832   6522.03  142.302   0.0693887  0.00158997
