0.1622  3.8785e-07
0.0438307  0.00176069
123.1   758.247  0.0105745   149921  762.423   0.0692868  0.00065681
247.7   1528.06  0.02384   44718  487.741   0.121942  0.00151799
591.8   3647.57  0.0386129   22516.1  324.54   0.0857865  0.00133935
723.3   4459.89  0.0167876   79853.8  465.74   0.0749801  0.000627404
873.2   5383.62  0.0248852   43724.4  356.496   0.067619  0.00072663
996.3   6142.44  0.0297271   34565.8  319.769   0.0624551  0.000806086
1004.7   6194.7  0.0216695   59915.6  401.069   0.0624568  0.000604923
1274.5   7856.31  0.0170411   100474  482.289   0.0543149  0.000376467
1596.4   9840.92  0.110641   4430.72  120.35   0.047139  0.00132225
