0.180614  5.52901e-07
0.103706  0.00221694
42.8   235.911  0.116424   15692.2  538.143   0.0137923  0.000561671
86.5   476.15  0.476035   12893.3  976.601   0.187323  0.0142886
105.3   583.43  0.323758   4707.41  522.049   0.0982003  0.0109649
123.1   681.101  0.0119261   208156  948.135   0.0962004  0.000885605
247.7   1371.2  0.0281235   52085.4  524.57   0.142032  0.00166506
591.8   3274.86  0.0422031   25956.3  339.243   0.0988938  0.00142221
723.3   4003.43  0.0190365   92675.1  515.983   0.0870189  0.000712273
873.2   4834.47  0.0281652   50764  399.401   0.0785054  0.000826743
996.3   5515.25  0.0351541   39304.8  357.732   0.0710179  0.00090902
1004.7   5562.09  0.0246383   69681.1  446.685   0.0726364  0.000689447
1274.5   7056.29  0.0197268   115836  522.898   0.0626195  0.000421822
1596.4   8841.25  0.463702   4172.23  415.431   0.0443889  0.00443073
