0.165715  2.56658e-07
0.257168  0.000623101
42.8   257.503  0.00741591   411813  1121.41   0.361954  0.00801026
86.5   521.353  0.0420301   45535.6  723.551   0.661573  0.0120814
105.3   633.978  0.0560176   24528.1  582.663   0.511676  0.0138559
123.1   740.988  0.00375946   1.08359e+06  1671.98   0.500789  0.00408015
247.7   1493.95  0.014928   116116  669.791   0.316639  0.0026354
591.8   3569.34  0.0294008   39103.2  385.855   0.148983  0.00172055
723.3   4364.1  0.0140203   135291  597.078   0.127034  0.000946185
873.2   5268.01  0.021088   70263.6  447.061   0.108661  0.00102789
996.3   6010.42  0.0254486   55238  400.679   0.0998066  0.00115369
1004.7   6061.59  0.0185207   94597.2  498.873   0.0986093  0.000864233
1274.5   7688.71  0.0150137   150996  585.545   0.0816267  0.000516498
1596.4   9632.84  0.100702   6613.08  146.66   0.0703574  0.00163622
