0.172531  5.26707e-07
0.160791  0.0025195
123.1   712.316  0.0151012   139484  802.815   0.0644633  0.000635306
247.7   1435.05  0.0287462   52085.8  573.092   0.142033  0.00178003
591.8   3427.75  0.0401473   26273.5  371.461   0.100102  0.00153744
723.3   4191.77  0.0178649   94630.4  516.039   0.0888548  0.000720423
873.2   5061.08  0.0258114   51949.3  396.656   0.0803386  0.000832192
996.3   5773.78  0.0312248   40750.6  354.479   0.0736302  0.000921607
1004.7   5822.86  0.0223533   71677.2  443.168   0.0747172  0.000697826
1274.5   7385.56  0.0172013   119751  530.206   0.0647361  0.000432345
1596.4   9252.81  0.152094   5415.74  147.131   0.0576187  0.00161647
