0.162325  2.49346e-07
0.257114  0.000666274
42.8   262.886  0.0087341   342344  1048.19   0.300896  0.00667232
86.5   532.32  0.045357   39234.8  685.309   0.57003  0.0112007
105.3   646.906  0.0627074   22262.1  568.69   0.464405  0.0133112
123.1   756.483  0.00406262   1.00635e+06  1628.71   0.46509  0.00379609
247.7   1525.16  0.0156102   110798  659.486   0.302137  0.00255351
591.8   3643.39  0.0306581   37502.4  381.798   0.142884  0.00168849
723.3   4455.5  0.0142957   130413  585.887   0.122453  0.000917854
873.2   5378.11  0.0214026   68095.1  442.444   0.105308  0.00100577
996.3   6136.15  0.0256665   52622.6  391.472   0.0950811  0.00111022
1004.7   6188.28  0.0186373   91341  491.857   0.095215  0.000840897
1274.5   7849.12  0.0147337   147037  577.645   0.0794862  0.000505433
1596.4   9833.19  0.088852   6447.73  139.079   0.0685982  0.00155564
