0.164736  3.97948e-07
0.0886932  0.000878619
42.8   259.314  0.0111742   313546  1070.28   0.275584  0.00612517
86.5   524.917  0.061348   38655  740.404   0.561607  0.0118854
105.3   638.271  0.0841435   21142.4  588.418   0.441048  0.0135479
123.1   746.63  0.00514381   953716  1718.59   0.440766  0.00361447
247.7   1504.46  0.0206511   105293  686.239   0.287125  0.00254356
591.8   3590.66  0.0440062   35624.5  399.945   0.135729  0.00172776
723.3   4390.36  0.0210139   121441  604.422   0.114029  0.000888927
873.2   5300.19  0.0327214   59808.4  460.813   0.0924925  0.00096283
996.3   6047.41  0.0407235   46096.8  406.744   0.0832899  0.00104978
1004.7   6098.64  0.0293834   83202.5  517.052   0.0867313  0.000811846
1274.5   7735.63  0.0241313   133652  585.912   0.0722509  0.000480445
1596.4   9695.73  0.656774   4673.64  529.984   0.0497235  0.00564929
