0.164529  1.22887e-06
-0.0140905  0.00748207
123.1   746.58  0.0881444   33805.8  761.622   0.0156236  0.000373521
247.7   1505.82  0.0720945   31289.9  726.566   0.0853249  0.00204635
591.8   3595.62  0.0758817   21089.4  515.773   0.0803507  0.00202337
723.3   4396.74  0.0283419   76748.5  488.225   0.0720643  0.000630169
873.2   5307.28  0.039202   43142  395.84   0.0667183  0.00076997
996.3   6055.48  0.0461933   34536.4  345.974   0.0624021  0.000840354
1004.7   6107.01  0.0328197   60023.6  426.585   0.0625693  0.000624155
1274.5   7746.13  0.0235818   101071  503.316   0.0546378  0.000385569
1596.4   9705.09  0.167256   4696.12  138.436   0.0499626  0.00151379
