0.405593  4.0692e-06
-0.389925  0.00993264
123.1   304.12  0.0421919   30102.8  676.048   0.0139122  0.000331671
247.7   612.704  0.0361405   19952.1  461.646   0.0544075  0.0013005
591.8   1459.72  0.0447175   12685.9  296.795   0.0483334  0.00116739
723.3   1784  0.0163292   46877.7  401.658   0.0440166  0.000460419
873.2   2153.67  0.0227393   26253.1  307.625   0.0405999  0.00055416
996.3   2457.47  0.0265941   21097.3  280.868   0.0381197  0.000612571
1004.7   2478.37  0.0188084   36852.5  342.275   0.0384155  0.000446779
1274.5   3143.25  0.0135696   62757  398.52   0.0339257  0.000274201
1596.4   3938.6  0.136933   1678.62  166.471   0.0178591  0.00177552
