0.163362  5.26982e-07
0.0832846  0.00274816
123.1   752.329  0.0177933   163327  893.212   0.0754824  0.000731473
247.7   1517.07  0.0376891   50529.9  651.622   0.137791  0.00195983
591.8   3621.72  0.0497135   25437.5  415.229   0.0969171  0.00168551
723.3   4428.2  0.0217601   93119  518.261   0.0874357  0.000715562
873.2   5344.92  0.0310344   50921.9  404.983   0.0787497  0.00083434
996.3   6098.41  0.036481   40157.6  357.644   0.0725586  0.000918711
1004.7   6150.36  0.0262163   70228.3  444.217   0.0732068  0.000690669
1274.5   7800.24  0.0197284   115656  525.528   0.0625225  0.000422417
1596.4   9772.75  0.149934   4807.68  130.719   0.0511495  0.00143609
