0.157951  2.53334e-07
0.154687  0.000656717
42.8   270.031  0.00876586   351758  1059.84   0.30917  0.00685373
86.5   547.128  0.0463561   41604.6  699.858   0.604461  0.0115319
105.3   665.233  0.0660293   22493.5  566.61   0.469233  0.0133012
123.1   778.314  0.00408406   1.02751e+06  1638.26   0.474868  0.00387366
247.7   1568.11  0.016203   111881  661.938   0.30509  0.00257081
591.8   3745.38  0.0319147   37859.2  382.612   0.144244  0.00169531
723.3   4578.46  0.0151374   129945  589.402   0.122014  0.000917729
873.2   5527.12  0.0228758   67421.8  443.724   0.104266  0.00100179
996.3   6306.66  0.027661   52800.8  393.976   0.0954031  0.00111534
1004.7   6360.28  0.0201177   90848.7  494.114   0.0947018  0.000839494
1274.5   8067.7  0.0161249   146062  578.214   0.0789595  0.000503556
1596.4   10107.1  0.110391   6345.48  142.553   0.0675104  0.00158855
