0.387155  3.00812e-06
0.0862414  0.00756828
123.1   317.44  0.0278731   46758.5  689.239   0.0216097  0.000362425
247.7   639.683  0.030672   30955.6  524.438   0.0844133  0.00151713
591.8   1527.86  0.0378067   17015.9  327.566   0.0648307  0.00130724
723.3   1867.94  0.0149103   63738  451.708   0.0598479  0.000555731
873.2   2255.65  0.0203641   34623.2  340.292   0.0535441  0.000646085
996.3   2573.35  0.0242306   28167.7  315.614   0.0508948  0.000731448
1004.7   2595.21  0.0173071   48687.2  385.959   0.0507522  0.000536732
1274.5   3291.46  0.0123433   81974.2  447.734   0.0443143  0.000328142
1596.4   4125.06  0.0879842   3051.16  128.254   0.0324616  0.0013833
