0.143728  6.20561e-07
0.12308  0.00395034
123.1   855.052  0.0318421   93710.3  788.205   0.0433088  0.00050273
247.7   1724.37  0.0492267   39095.9  632.78   0.106611  0.00184028
591.8   4116.58  0.0600309   21920.7  424.279   0.0835182  0.00169239
723.3   5031.59  0.0254942   83733.4  499.386   0.0786229  0.000665139
873.2   6074.4  0.0361988   45863.3  394.854   0.0709266  0.000787002
996.3   6930.41  0.043994   37051.4  352.648   0.0669462  0.000876941
1004.7   6989.42  0.0309652   63976.2  432.198   0.0666896  0.000648771
1274.5   8866.67  0.023055   108174  521.405   0.0584776  0.000406127
1596.4   11107.4  0.161194   4865.44  136.943   0.0517641  0.00150133
