0.173635  5.9962e-07
0.258757  0.00207196
42.8   245.282  0.0549924   40121.5  627.65   0.0352639  0.000950867
86.5   496.466  0.257091   14455.3  860.198   0.210017  0.0126397
105.3   604.89  0.303913   5715.21  547.612   0.119224  0.0115283
123.1   707.383  0.0111887   305763  1168.31   0.14131  0.00125281
247.7   1425.62  0.0356492   55238.8  587.157   0.150631  0.0018386
591.8   3405.6  0.0598456   24188.8  354.574   0.0921595  0.00145972
723.3   4164.79  0.0257807   85407  515.871   0.0801943  0.000682752
873.2   5027.52  0.0380923   44947.2  405.293   0.06951  0.000793474
996.3   5736.06  0.0484645   34692.5  358.873   0.0626841  0.000859496
1004.7   5784.79  0.0337152   63558.1  448.586   0.0662537  0.000658596
1274.5   7338.38  0.0269911   102761  508.831   0.0555512  0.00039091
1596.4   9199.58  0.422306   2108.63  311.725   0.0224339  0.0033202
