0.172024  2.65378e-07
0.22064  0.000675778
42.8   247.992  0.00880455   302167  984.758   0.265583  0.00589671
86.5   502.259  0.0439714   35547.6  640.868   0.51646  0.0104067
105.3   610.786  0.0586727   22336.8  553.773   0.465963  0.013044
123.1   714.184  0.00384045   988631  1612.83   0.456902  0.00373044
247.7   1438.37  0.0148592   110343  655.579   0.300895  0.00254072
591.8   3438.41  0.0292578   37444.7  381.467   0.142665  0.00168673
723.3   4204.26  0.013484   131537  589.689   0.123509  0.000925065
873.2   5075.74  0.0202007   68484  441.895   0.105909  0.00100828
996.3   5790.38  0.0240233   53806.3  393.692   0.0972199  0.00112765
1004.7   5839.62  0.0175426   92802.9  491.236   0.0967389  0.000848987
1274.5   7406.69  0.0139343   149642  579.376   0.0808947  0.000511562
1596.4   9279.51  0.0821819   6490.76  134.981   0.069056  0.00151526
