0.39222  3.13733e-06
0.354692  0.00768189
123.1   313.066  0.0267462   46374.3  710.494   0.0214322  0.000370428
247.7   630.978  0.0302401   30230.2  518.961   0.0824349  0.00149911
591.8   1506.95  0.0390929   16150.4  325.211   0.0615331  0.00129289
723.3   1842.47  0.0156163   61118.6  456.854   0.0573883  0.000550072
873.2   2226.31  0.0213697   33232.8  340.683   0.0513938  0.00063797
996.3   2539.8  0.0256861   26498.6  317.91   0.0478789  0.000718077
1004.7   2561.3  0.0181153   45832.4  383.466   0.0477763  0.000521181
1274.5   3248.25  0.0131438   77559.6  442.988   0.0419278  0.000318271
1596.4   4070.03  0.104933   2529.79  147.008   0.0269148  0.00157534
