0.175327  8.40289e-07
-0.0913029  0.00388191
123.1   702.352  0.026202   47751.1  563.404   0.0220684  0.00031459
247.7   1414.25  0.0301166   37192.1  475.111   0.10142  0.00143137
591.8   3375.44  0.0509822   19090.5  337.64   0.072735  0.00135842
723.3   4125.59  0.0233403   70475.4  460.193   0.066174  0.000586821
873.2   4980.61  0.0366045   38301.6  364.093   0.0592326  0.000699253
996.3   5682.81  0.0452146   30983.6  324.047   0.0559827  0.000772446
1004.7   5731.02  0.0327032   53414.9  396.045   0.0556803  0.000567761
1274.5   7270.09  0.0266131   89262.5  482.267   0.0482543  0.000355219
1596.4   9110.96  0.503811   2813.85  231.943   0.0299369  0.00247655
