0.167894  2.52107e-07
0.040701  0.000617613
42.8   255.456  0.00756917   409663  1116.76   0.360064  0.00796858
86.5   515.475  0.040015   44075.3  689.237   0.640358  0.0115538
105.3   627.506  0.056553   26313.8  585.446   0.548927  0.0141449
123.1   732.739  0.00364437   1.17671e+06  1739.55   0.543823  0.00442424
247.7   1475.7  0.0139204   129909  696.056   0.354249  0.00284964
591.8   3523.27  0.0281833   44269.1  410.384   0.168666  0.00186249
723.3   4307.49  0.0132309   153871  634.147   0.14448  0.00105168
873.2   5201.2  0.0198311   81275.2  479.18   0.125691  0.00115033
996.3   5933.74  0.0241968   63498  429.162   0.114731  0.00129132
1004.7   5984.18  0.0176924   108908  535.94   0.113527  0.000971413
1274.5   7590.97  0.0142282   175252  626.531   0.094739  0.000582324
1596.4   9510.66  0.116485   7663.69  164.79   0.081535  0.00184379
