0.172913  5.36156e-07
0.252701  0.00257829
123.1   710.145  0.0156384   117169  751.738   0.0541503  0.000555306
247.7   1431.79  0.0282364   47103.6  547.576   0.128447  0.00168035
591.8   3420.35  0.0392643   24757  352.68   0.0943244  0.00145803
723.3   4181.99  0.0176733   90199  505.807   0.0846938  0.000695553
873.2   5048.65  0.0258708   48880.6  387.895   0.0755928  0.000799904
996.3   5760.2  0.0306104   38352.1  346.459   0.0692965  0.000883649
1004.7   5809.12  0.0222221   67588.4  435.048   0.070455  0.000669995
1274.5   7368.98  0.0172441   112383  524.782   0.0607528  0.000415636
1596.4   9233.29  0.129109   4714.8  131.385   0.0501613  0.00144125
