0.163217  8.46932e-07
0.133234  0.00204259
42.8   261.78  0.0254553   51262.5  408.474   0.0512193  0.00119633
86.5   529.429  0.147813   6957.49  299.047   0.113999  0.00500616
105.3   644.811  0.186717   3125.73  210.025   0.0735366  0.00503273
123.1   753.211  0.0123363   139860  611.013   0.0735017  0.000669979
247.7   1517.88  0.0486608   15600.2  248.18   0.0483746  0.000822494
591.8   3623.67  0.0996732   5291.7  145.506   0.0229264  0.000645243
723.3   4431.45  0.0462597   18223.3  224.385   0.0194577  0.000266516
873.2   5349.49  0.0706165   9274.64  168.026   0.0163101  0.000316776
996.3   6103.63  0.0861878   7185.29  151.025   0.0147632  0.000337554
1004.7   6155.3  0.0630638   12561.7  188.52   0.0148903  0.000246579
1274.5   7806.95  0.0512585   20336.6  217.972   0.0125015  0.000147856
1596.4   9781.56  0.745477   829.317  76.8673   0.0100332  0.000932605
