0.181595  1.54239e-06
0.121503  0.00344596
42.8   235.02  0.0422073   20637.1  285.892   0.0206197  0.000535308
86.5   475.854  0.229066   3293.28  231.21   0.0539606  0.00381939
105.3   579.978  0.328613   1501.39  187.036   0.035322  0.00442414
123.1   677.166  0.0183175   74771.6  488.494   0.0392953  0.00040587
247.7   1364.3  0.0723698   8573.6  210.986   0.0265858  0.000673411
591.8   3257.14  0.149233   2941.35  118.114   0.0127435  0.000517411
723.3   3982.1  0.066654   10343.5  178.128   0.0110441  0.000201407
873.2   4808.17  0.100922   5288.5  138.473   0.0093002  0.000252066
996.3   5485.89  0.128805   4005.41  121.705   0.00822969  0.000260799
1004.7   5532.46  0.089556   7356.08  152.338   0.0087197  0.000190614
1274.5   7017.37  0.0760752   11756.5  176.411   0.00722706  0.000114307
1596.4   8794.4  0.636545   388.181  42.5213   0.00469629  0.00051548
