0.166082  7.70596e-07
-0.239478  0.00195811
42.8   259.653  0.0263551   32035.3  323.615   0.0320083  0.000773586
86.5   523.155  0.152039   4538.25  254.959   0.0743594  0.00423079
105.3   635.868  0.201606   1888.53  168.047   0.04443  0.00399547
123.1   742.514  0.0114522   94735.4  504.748   0.049787  0.000478545
247.7   1493.65  0.0423589   11819.6  213.551   0.0366514  0.000697758
591.8   3563.03  0.0872312   4171.52  124.495   0.0180732  0.000550168
723.3   4355.78  0.0404166   15025.7  199.987   0.0160436  0.000234229
873.2   5259.81  0.0616532   7847.75  151.274   0.0138008  0.000283024
996.3   6000.44  0.0757801   6239.98  134.494   0.0128209  0.00029946
1004.7   6051.5  0.0531111   10910.1  169.448   0.0129325  0.000220317
1274.5   7675.4  0.044653   17475.2  198.347   0.0107425  0.000133236
1596.4   9614.49  0.333665   813.376  53.6657   0.00984039  0.000652903
