0.378598  3.62297e-06
-0.104629  0.00551648
42.8   120.126  0.0780738   30969.5  318.35   0.0309435  0.000750165
86.5   229.241  0.18842   4779  327.715   0.0783042  0.00541568
105.3   278.355  0.394331   1468.96  267.699   0.0345591  0.00631393
123.1   325.181  0.0134426   69464.6  468.241   0.0365063  0.0003819
247.7   654.991  0.0558526   6826.31  188.363   0.0211676  0.000597742
591.8   1563.16  0.0927258   2605.76  113.649   0.0112895  0.000497025
723.3   1910.82  0.0385106   9171.74  167.362   0.00979303  0.000188112
873.2   2306.68  0.0568324   4696.42  121.536   0.00825899  0.00022141
996.3   2631.77  0.0654791   3727.86  110.732   0.00765944  0.000237729
1004.7   2654.09  0.0467508   6382.11  136.121   0.00756517  0.000169822
1274.5   3366.64  0.0340681   10305.2  153.92   0.0063349  9.97794e-05
1596.4   4219.29  0.294524   358.135  50.8207   0.0043328  0.000615587
