0.175956  1.39935e-06
0.0944586  0.00305847
42.8   243.117  0.0399486   20084.1  279.162   0.0200672  0.000521461
86.5   491.699  0.229463   2942.62  226.793   0.0482151  0.00374126
105.3   598.565  0.278682   1665.41  199.29   0.0391807  0.00471613
123.1   698.943  0.0165183   73890.2  464.612   0.0388321  0.00039513
247.7   1408.46  0.0647052   8382.57  195.179   0.0259934  0.000625001
591.8   3360.51  0.130682   2923.69  113.201   0.012667  0.000496301
723.3   4109.9  0.0636164   10387.5  172.437   0.0110912  0.000195775
873.2   4962.06  0.0979869   5464.2  135.443   0.00960917  0.000247501
996.3   5661.62  0.122897   4090.58  117.345   0.00840468  0.00025269
1004.7   5709.64  0.0883857   7185.95  146.303   0.00851803  0.000183388
1274.5   7242.99  0.0751001   11450.9  167.79   0.00703916  0.000108984
1596.4   9074.05  0.593419   439.426  44.5529   0.00531627  0.000540294
