0.173552  1.15429e-06
0.148926  0.00251457
42.8   245.514  0.0335537   29301.7  321.841   0.029277  0.000718749
86.5   498.066  0.167658   5957.48  308.735   0.0976137  0.00513437
105.3   606.073  0.224437   2611.89  207.516   0.0614479  0.00494698
123.1   708.383  0.0137411   112419  560.323   0.0590807  0.000556873
247.7   1427.92  0.0544025   12515.5  229.949   0.038809  0.000750105
591.8   3408  0.114661   4275.03  139.061   0.0185217  0.000612649
723.3   4167.5  0.0549475   14706.3  206.887   0.0157025  0.000240154
873.2   5030.32  0.0861251   7410.77  159.544   0.0130323  0.000295028
996.3   5739.67  0.109273   5696.74  138.145   0.0117048  0.000302757
1004.7   5788.24  0.0763578   10024.5  175.32   0.0118828  0.000223848
1274.5   7342.13  0.0625514   16386.6  201.897   0.0100733  0.000133942
1596.4   9200.49  0.411447   735.948  33.5452   0.00890366  0.000410594
