0.361915  3.07281e-06
-0.0386952  0.00438635
42.8   118.342  0.0244815   21650.3  272.4   0.0216321  0.000547407
86.5   238.484  0.179113   4057.12  310.412   0.0664762  0.00512119
105.3   290.951  0.203834   1582.23  213.66   0.0372238  0.00504985
123.1   340.227  0.0123953   66030.6  453.529   0.0347016  0.000365894
247.7   685.057  0.0469049   6724.91  183.843   0.0208532  0.000583645
591.8   1634.32  0.0841552   2470.96  108.645   0.0107055  0.00047507
723.3   1998.51  0.0363527   8898.74  163.277   0.00950154  0.000183422
873.2   2413.12  0.0535794   4444.42  116.761   0.00781583  0.000212497
996.3   2753.09  0.0608013   3554.72  106.29   0.0073037  0.000228066
1004.7   2776.51  0.0447998   6003.44  131.593   0.00711632  0.000163747
1274.5   3521.46  0.0332831   9573.52  149.151   0.0058851  9.62933e-05
1596.4   4413.85  0.360615   396.983  44.7646   0.00480278  0.000542614
