0.139107  7.15522e-07
0.0816604  0.00202558
42.8   306.97  0.0302359   49033  408.51   0.0489917  0.00115049
86.5   621.449  0.167636   5994.62  286.726   0.0982222  0.00478046
105.3   756.204  0.237918   3069.27  217.826   0.0722082  0.00520989
123.1   884.279  0.0142587   134024  600.051   0.0704348  0.000645719
247.7   1781.66  0.0568904   14415.7  240.986   0.0447016  0.000793945
591.8   4253.62  0.112383   4995.37  140.648   0.0216426  0.000623042
723.3   5199.43  0.0532735   16734.2  214.552   0.0178677  0.000252929
873.2   6276.07  0.0840873   8608.29  168.708   0.0151383  0.000315041
996.3   7160.56  0.0999733   6518.17  144.579   0.0133925  0.000320581
1004.7   7221.4  0.0736996   11362.1  178.122   0.0134683  0.000231234
1274.5   9161.53  0.0596103   18113.7  205.861   0.011135  0.000138254
1596.4   11478.3  0.573938   762.95  58.7617   0.00923033  0.000713841
