0.164733  1.03395e-06
0.0413321  0.00223675
42.8   259.022  0.0280953   43997.8  384.993   0.0439607  0.00103902
86.5   524.655  0.162247   6930.87  348.437   0.113563  0.00579993
105.3   639.626  0.210327   3000.36  206.329   0.070587  0.0049401
123.1   747.074  0.0131125   127987  590.795   0.067262  0.000621247
247.7   1504.83  0.0537029   14418.4  244.188   0.0447099  0.000803314
591.8   3591.55  0.116214   4646.11  142.502   0.0201294  0.000629097
723.3   4390.57  0.0554902   15818.7  216.168   0.0168902  0.000252079
873.2   5300.49  0.0867292   7657.87  160.677   0.0134669  0.000297872
996.3   6047.79  0.105877   6025.1  145.985   0.0123795  0.000319972
1004.7   6098.65  0.0775724   11052.5  185.441   0.0131014  0.00023818
1274.5   7736.17  0.0629697   17383.8  211.991   0.0106863  0.000140845
1596.4   9693.64  1.2658   795.62  86.759   0.00962558  0.00105179
