0.161727  9.11471e-07
0.112975  0.00214428
42.8   264.048  0.0285536   27223.7  296.08   0.0272007  0.000666469
86.5   534.956  0.142236   3338.27  205.507   0.0546977  0.00340303
105.3   651.135  0.208709   1850.13  187.247   0.0435264  0.0044414
123.1   760.294  0.012815   79158.1  466.946   0.0416006  0.000413496
247.7   1532.65  0.0506429   8941.52  190.043   0.0277267  0.000612335
591.8   3657.93  0.106505   3175.06  112.343   0.013756  0.000493678
723.3   4472.6  0.0501217   10441.5  167.551   0.0111488  0.000190998
873.2   5398.76  0.0778105   5634.4  131.456   0.00990849  0.000241356
996.3   6160.11  0.0955241   4316.03  116.011   0.0088679  0.000251369
1004.7   6212.22  0.0709665   7370.59  142.645   0.0087369  0.000179808
1274.5   7878.53  0.0571272   12307  171.468   0.00756542  0.000111988
1596.4   9871.56  0.380085   457.996  42.3954   0.00554094  0.000514373
