0.167594  6.76184e-07
0.0465162  0.00170998
42.8   254.936  0.0210723   49665.2  389.573   0.0496233  0.00115697
86.5   515.953  0.125378   5957.62  273.473   0.097616  0.00456619
105.3   627.425  0.150524   3266.19  199.949   0.076841  0.00480895
123.1   734.199  0.0101421   135340  590.034   0.0711263  0.000648017
247.7   1478.63  0.0384458   14972.5  232.171   0.0464281  0.000771951
591.8   3530.28  0.0761168   5203.19  139.781   0.022543  0.000620525
723.3   4315.88  0.0363868   17735.7  215.851   0.0189371  0.000256959
873.2   5210.41  0.0550268   9260.63  160.856   0.0162855  0.000304984
996.3   5944.79  0.0644942   7187.63  143.155   0.014768  0.000322769
1004.7   5995.52  0.0477515   12485.4  180.902   0.0147998  0.00023815
1274.5   7603.44  0.0378172   20311.2  213.128   0.0124858  0.000145129
1596.4   9525.92  0.223803   923.305  49.6103   0.0111703  0.000605268
