0.162987  8.6351e-07
0.190983  0.00257045
42.8   261.683  0.0387571   29765.5  343.276   0.0297404  0.000737576
86.5   529.857  0.217239   5602.6  328.126   0.091799  0.00543948
105.3   645.459  0.288023   2420.45  209.898   0.0569439  0.00499327
123.1   753.87  0.0152898   112213  561.199   0.0589724  0.000556381
247.7   1520.51  0.0570741   12980.1  233.086   0.0402497  0.000762053
591.8   3629.68  0.108263   4415.53  131.312   0.0191304  0.000580375
723.3   4437.57  0.047655   15513.2  205.747   0.0165641  0.00024112
873.2   5356.59  0.0695116   8187.71  155.481   0.0143987  0.00029141
996.3   6111.89  0.0852852   6017.53  135.707   0.0123639  0.000300214
1004.7   6163.78  0.0628985   10417.5  168.463   0.0123486  0.000217597
1274.5   7817.37  0.0480379   17110.3  196.537   0.0105182  0.000131767
1596.4   9794.48  0.482771   712.127  58.8903   0.00861546  0.000715015
