0.170574  1.09177e-06
0.207486  0.00259454
42.8   250.209  0.0351864   30587.2  328.533   0.0305614  0.000746992
86.5   506.553  0.18408   5692.97  335.717   0.0932796  0.00556444
105.3   615.967  0.289317   3121.08  250.041   0.0734271  0.00595946
123.1   720.29  0.014564   116606  573.441   0.0612808  0.000575467
247.7   1451.65  0.0561609   13090.2  232.15   0.0405912  0.000759954
591.8   3467.19  0.11408   4504.83  136.304   0.0195173  0.000602041
723.3   4240.23  0.0537105   15809.2  211.22   0.0168801  0.000247226
873.2   5118.51  0.080636   8228.72  163.548   0.0144708  0.000304926
996.3   5839.89  0.100406   6338.6  145.778   0.0130236  0.000321639
1004.7   5889.22  0.0744177   10953.4  179.371   0.0129839  0.000231232
1274.5   7469.63  0.0600765   17525.8  204.244   0.0107735  0.000136622
1596.4   9362.24  0.766661   550.516  92.5377   0.00666026  0.00112051
