0.406187  3.89299e-06
-0.290065  0.00501952
42.8   121.255  0.0696242   5752.58  189.747   0.00574774  0.000227747
86.5   214.213  0.282407   5059.76  468.984   0.0829044  0.00772048
105.3   259.322  0.235093   1071.74  198.933   0.025214  0.00469161
123.1   303.352  0.01115   66080.5  456.833   0.0347278  0.000367186
247.7   610.627  0.0519882   6544.41  185.815   0.0202935  0.000588918
591.8   1457.3  0.0875454   2449.03  110.333   0.0106105  0.000482242
723.3   1781.37  0.0357443   8856.67  165.284   0.00945662  0.000185377
873.2   2150.54  0.0524918   4453.36  118.98   0.00783154  0.000216298
996.3   2453.83  0.0642313   3579.26  110.738   0.0073541  0.000236959
1004.7   2474.73  0.0443009   6032.52  133.366   0.00715078  0.000165824
1274.5   3138.36  0.032678   9940.87  154.782   0.00611092  9.9934e-05
1596.4   3933.01  0.273928   332.348  49.02   0.00402081  0.000593722
