0.16588  8.81918e-07
0.15132  0.00230223
42.8   257.489  0.0277399   46628.5  398.148   0.0465892  0.00109754
86.5   520.674  0.175834   6313.07  311.157   0.10344  0.00518262
105.3   634.975  0.232961   2756.67  219.283   0.064854  0.00522732
123.1   740.993  0.013904   125551  589.79   0.0659817  0.00061213
247.7   1494.11  0.056486   13831.2  240.662   0.0428891  0.000789388
591.8   3566.04  0.102039   4841.51  139.484   0.020976  0.000617284
723.3   4359.41  0.0468178   16336.3  211.054   0.017443  0.000248468
873.2   5263  0.0713559   8714.25  163.211   0.0153246  0.000306409
996.3   6005.16  0.0860053   6712.49  142.422   0.0137918  0.000317865
1004.7   6056.38  0.0614103   11352.4  176.112   0.0134569  0.000229027
1274.5   7682.18  0.050569   16851.2  195.714   0.0103589  0.000130986
1596.4   9623.88  0.453701   603.868  44.3495   0.00730573  0.000538981
