0.171062  8.37012e-07
0.0959777  0.00225019
42.8   249.843  0.0277464   38988.2  365.348   0.0389554  0.000929941
86.5   504.925  0.214339   6407.89  377.774   0.104994  0.00626156
105.3   614.767  0.239202   2498.27  219.032   0.0587749  0.00520933
123.1   718.982  0.0131183   112711  559.461   0.0592339  0.000557674
247.7   1448  0.0477994   13861.2  237.814   0.042982  0.000781229
591.8   3457.67  0.0947781   4808.89  145.363   0.0208346  0.000642076
723.3   4228.12  0.0422412   17277.5  217.202   0.0184479  0.000256975
873.2   5103.84  0.064247   8836.42  162.722   0.0155395  0.000306135
996.3   5823.06  0.0774622   7175.65  147.262   0.0147434  0.000330387
1004.7   5872.82  0.0545729   12526.6  184.188   0.0148487  0.00024181
1274.5   7449.96  0.0436174   20230.1  215.622   0.012436  0.000146408
1596.4   9333.88  0.319888   859.301  55.7788   0.010396  0.000678736
