0.175285  1.41658e-06
-0.0548244  0.00283604
42.8   244.045  0.0389336   17535.4  251.059   0.0175206  0.000459241
86.5   494.806  0.1882   2714.26  196.695   0.0444733  0.00324763
105.3   601.412  0.269715   1835.67  180.655   0.0431864  0.00428704
123.1   702.595  0.0149779   72997.8  457.369   0.0383631  0.000389828
247.7   1414.88  0.0616341   8376.37  190.516   0.0259742  0.000610979
591.8   3376.19  0.131658   2983.41  115.833   0.0129257  0.000507808
723.3   4126.61  0.0631077   10128  170.904   0.0108141  0.000193673
873.2   4981.56  0.101102   5104.26  128.612   0.0089762  0.000234738
996.3   5684.09  0.131014   3946.53  116.528   0.00810873  0.0002503
1004.7   5732.28  0.0909414   7063.6  143.624   0.008373  0.000180055
1274.5   7271.21  0.0781449   11109.9  164.676   0.00682958  0.000106835
1596.4   9111.15  0.975194   402.343  61.189   0.00486763  0.000741061
