0.167761  6.64584e-07
0.19412  0.00160393
42.8   254.409  0.0190732   58429.3  416.137   0.0583801  0.00134753
86.5   515.321  0.103188   6630.67  264.025   0.108644  0.00443519
105.3   626.491  0.133222   3177.27  190.684   0.074749  0.00459011
123.1   732.478  0.00955039   149677  619.739   0.0786609  0.000708576
247.7   1475.79  0.0367345   16537.9  243.883   0.0512821  0.000816454
591.8   3525.15  0.07385   5658.15  143.422   0.0245141  0.000638548
723.3   4310.45  0.0354807   19379.4  223.994   0.0206922  0.000269472
873.2   5204.04  0.0538507   10287  169.781   0.0180903  0.000324316
996.3   5937.37  0.064003   8093.92  152.157   0.0166301  0.00034661
1004.7   5988.04  0.0467747   13760.7  189.943   0.0163116  0.000252451
1274.5   7595.89  0.0377626   22171.8  221.809   0.0136296  0.000152434
1596.4   9516.89  0.249643   1014.72  56.7691   0.0122764  0.00069216
