0.171635  9.61689e-07
0.0501552  0.00257219
42.8   248.708  0.0307486   38832.8  367.058   0.0388  0.000927479
86.5   504.101  0.204897   5587.23  309.346   0.0915471  0.00513519
105.3   613.45  0.269311   2188.77  201.141   0.0514935  0.00477919
123.1   717.005  0.0150642   106691  547.351   0.0560701  0.000532871
247.7   1443.87  0.0588759   11340.5  223.501   0.0351657  0.000724458
591.8   3446.97  0.113386   3857.14  127.261   0.0167112  0.000560405
723.3   4213.01  0.0492961   13425.2  190.988   0.0143346  0.000221321
873.2   5087.14  0.0722692   6898.15  143.515   0.0121309  0.000266284
996.3   5804.76  0.0903238   5367.33  127.469   0.011028  0.00028008
1004.7   5853.98  0.064525   9170.59  156.577   0.0108706  0.000200595
1274.5   7425.46  0.0497981   14832.3  183.965   0.0091178  0.000121932
1596.4   9301.64  0.325041   647.284  34.8428   0.00783098  0.000425085
