0.161836  7.44507e-07
0.159187  0.00216437
42.8   263.864  0.0366177   22886.9  295.205   0.0228676  0.000582307
86.5   534.4  0.178619   4631.23  315.484   0.075883  0.00521415
105.3   649.882  0.223893   2030.2  182.188   0.0477629  0.00433092
123.1   759.553  0.0127085   96652  516.605   0.0507943  0.000488706
247.7   1530.16  0.0461813   12163.8  217.224   0.0377187  0.000710589
591.8   3654.28  0.0901369   4383.27  129.076   0.0189906  0.000570716
723.3   4469.14  0.0410512   15638.6  204.591   0.0166979  0.000240329
873.2   5394.51  0.0615912   8181.72  156.008   0.0143881  0.000292253
996.3   6155.06  0.0732428   6445.15  136.959   0.0132425  0.0003056
1004.7   6207.33  0.0545207   11155.2  171.885   0.0132231  0.000223787
1274.5   7873.89  0.0433692   18648.8  205.264   0.0114639  0.00013859
1596.4   9865.03  0.259414   810.449  48.974   0.00980499  0.00059646
