0.163282  8.44255e-07
0.15292  0.0025373
42.8   261.463  0.0396245   23123.5  301.811   0.023104  0.000590134
86.5   528.814  0.220382   4852.66  339.913   0.0795111  0.00561529
105.3   643.318  0.245396   1951.15  204.184   0.0459031  0.0048406
123.1   752.797  0.0149919   92054.5  516.025   0.0483781  0.000472581
247.7   1517.04  0.0556113   11247.5  219.535   0.0348772  0.000712192
591.8   3623.29  0.0973329   4459.03  132.271   0.0193189  0.000584672
723.3   4430.08  0.0466317   14860.2  200.692   0.0158669  0.000234482
873.2   5347.13  0.0686755   7913.44  154.429   0.0139163  0.000288517
996.3   6100.72  0.0816567   6205.6  134.644   0.0127503  0.000299502
1004.7   6152.71  0.0589241   11049.6  171.779   0.0130979  0.000223311
1274.5   7803.5  0.0473753   17612.8  199.131   0.0108271  0.000133847
1596.4   9776.83  0.342482   826.189  53.3014   0.00999541  0.000648636
