0.171133  1.16792e-06
0.266959  0.00338538
42.8   249.369  0.0507216   19332.6  295.53   0.0193164  0.000516776
86.5   503.964  0.319831   4625.74  328.059   0.0757931  0.00541838
105.3   614.744  0.432417   1786.43  229.852   0.0420279  0.00543508
123.1   717.531  0.0190709   78974.6  494.157   0.0415041  0.000421532
247.7   1447.28  0.0706752   9324.95  212.84   0.0289156  0.000682415
591.8   3456.09  0.131797   3488.89  124.474   0.0151157  0.000546862
723.3   4225.26  0.0591759   11891.8  185.627   0.0126973  0.000212339
873.2   5101.06  0.0850487   6425.4  144.347   0.0112995  0.000265882
996.3   5820.29  0.10438   5052.78  127.293   0.0103817  0.000277731
1004.7   5869.6  0.0759237   8721.51  161.385   0.0103382  0.000204532
1274.5   7445.53  0.0588087   13936.1  180.936   0.00856688  0.000119189
1596.4   9327.8  0.390624   660.752  49.2767   0.00799392  0.00059878
