0.172795  7.92951e-07
0.209444  0.00192716
42.8   246.793  0.0265036   35450.9  348.109   0.035421  0.000851934
86.5   500.043  0.130704   5804.55  286.215   0.0951078  0.00476713
105.3   608.041  0.163337   3011.37  197.105   0.070846  0.00472771
123.1   711.081  0.010701   124460  574.631   0.0654084  0.000604158
247.7   1433.02  0.0411402   14246.8  233.839   0.0441777  0.000772037
591.8   3422.92  0.0849708   4800.09  137.086   0.0207965  0.000606895
723.3   4185.05  0.0396719   16330.5  210.41   0.0174367  0.000247828
873.2   5052.31  0.0594615   8530.86  160.522   0.0150021  0.000301191
996.3   5764.51  0.0720307   6625.76  141.169   0.0136136  0.000314868
1004.7   5813.4  0.0519624   11254.2  172.294   0.0133404  0.00022457
1274.5   7374.22  0.0414919   18565.9  207.687   0.011413  0.000139843
1596.4   9240.17  0.313955   790.354  54.7293   0.00956187  0.000665501
