0.164345  1.32462e-06
0.140077  0.0043465
42.8   259.707  0.0674468   19716.8  337.854   0.0197002  0.00054867
86.5   524.916  0.424249   5184.12  407.542   0.0849421  0.00672122
105.3   638.924  0.544836   1965.44  254.112   0.0462393  0.00600843
123.1   748.079  0.0257481   75230.9  520.94   0.0395367  0.000418322
247.7   1507.24  0.0979275   9158.9  235.141   0.0284007  0.000748795
591.8   3599.12  0.176947   3362.52  140.599   0.0145682  0.00061539
723.3   4400.92  0.0732783   12031.9  197.788   0.0128469  0.000224814
873.2   5312.19  0.106528   6343.07  158.447   0.0111547  0.000289374
996.3   6061.74  0.12846   5121.15  141.81   0.0105221  0.000306371
1004.7   6112.75  0.091386   9070.47  171.389   0.0107519  0.000216653
1274.5   7753.74  0.0683828   14787.4  195.813   0.0090902  0.000128666
1596.4   9714.96  0.82017   615.358  60.0899   0.00744473  0.000728845
