0.164161  9.59894e-07
0.109624  0.00284883
42.8   260.048  0.0444652   22776.7  305.076   0.0227575  0.0005853
86.5   526.495  0.272103   4725.64  330.576   0.0774299  0.00546115
105.3   641.164  0.338654   1890.25  206.628   0.0444704  0.00489542
123.1   749.198  0.0167055   91023.2  517.358   0.0478362  0.000469442
247.7   1509.18  0.0641762   10917.7  220.309   0.0338545  0.000712713
591.8   3602.52  0.11544   4049.46  130.095   0.0175444  0.000573386
723.3   4405.07  0.0525304   13674.6  193.687   0.0146009  0.000224598
873.2   5317.83  0.0785631   7254.09  150.502   0.0127568  0.000279326
996.3   6067.9  0.0921463   5692.68  129.687   0.0116964  0.0002865
1004.7   6119.52  0.06755   9862.21  165.469   0.0116904  0.000212528
1274.5   7763.55  0.053354   15404.9  186.501   0.00946982  0.00012404
1596.4   9727.34  0.434569   561.753  46.0157   0.00679621  0.000558736
