0.172385  8.02939e-07
0.130511  0.00204514
42.8   247.592  0.0286856   34612.4  349.33   0.0345832  0.000835685
86.5   501.479  0.144454   5831.58  293.013   0.0955507  0.00487745
105.3   610.349  0.198029   2726.44  202.919   0.0641427  0.0048462
123.1   713.287  0.0113911   124964  576.408   0.0656735  0.000606462
247.7   1436.52  0.0437718   14080.8  232.132   0.0436631  0.000766008
591.8   3430.87  0.0839981   4729.52  134.444   0.0204908  0.000595315
723.3   4195.45  0.0398742   17230.8  213.901   0.018398  0.000253669
873.2   5065.45  0.0595094   9007.19  161.731   0.0158398  0.000305263
996.3   5778.78  0.0709645   6748.23  139.009   0.0138652  0.000311685
1004.7   5827.99  0.0524252   11848  178.014   0.0140443  0.00023279
1274.5   7391.92  0.0417424   19209.2  208.803   0.0118084  0.000141285
1596.4   9261.11  0.386854   840.456  59.5148   0.010168  0.000723532
