0.167805  1.05477e-06
0.156282  0.00294791
42.8   254.435  0.0371607   28888.8  323.078   0.0288645  0.000711221
86.5   515.019  0.258849   5002.19  340.526   0.0819612  0.00562809
105.3   627.236  0.34683   2327.01  233.069   0.0547456  0.00552923
123.1   732.439  0.0175504   93657.8  530.108   0.0492207  0.000482354
247.7   1476.49  0.0629469   11644.6  227.678   0.0361087  0.000738499
591.8   3525.2  0.116616   4171.84  134.371   0.0180746  0.000592181
723.3   4310.24  0.0538646   14562  204.421   0.0155484  0.000237369
873.2   5203.25  0.082301   7765.89  161.178   0.0136569  0.00029913
996.3   5936.73  0.102139   6013.47  140.384   0.0123555  0.000309132
1004.7   5986.93  0.0711317   10612.9  172.691   0.0125803  0.000222841
1274.5   7593.2  0.0564302   16933.7  197.692   0.0104096  0.000132203
1596.4   9516.51  0.9184   138.626  70.6718   0.00167713  0.000855083
