0.169125  1.04647e-06
0.15611  0.00225061
42.8   252.135  0.0261181   48544.8  401.165   0.0485039  0.00113788
86.5   510.348  0.158838   6391.07  313.892   0.104718  0.00522877
105.3   621.929  0.193116   2983.08  217.561   0.0701807  0.00519906
123.1   726.874  0.0130967   130932  599.844   0.0688099  0.000634353
247.7   1464.83  0.0517029   14657.7  244.648   0.045452  0.000806154
591.8   3497.59  0.110682   4760.42  143.352   0.0206247  0.000633284
723.3   4275.96  0.0530844   16745  221.791   0.0178793  0.00025998
873.2   5162.23  0.0788285   8749.67  170.199   0.0153869  0.000318097
996.3   5889.87  0.101942   6352.32  148.553   0.0130518  0.000327048
1004.7   5939.79  0.0738563   11345.9  186.591   0.0134491  0.000240382
1274.5   7534.57  0.0605948   18666.1  218.226   0.0114745  0.000145903
1596.4   9442.92  1.27619   636.932  162.129   0.00770574  0.00196221
