0.166023  1.9328e-06
0.173419  0.00723854
42.8   257.092  0.117393   32963.1  910.978   0.0329353  0.00116249
86.5   520.459  0.504673   6107.46  477.423   0.100071  0.00787429
105.3   633.415  1.64797   2050.15  694.862   0.0482323  0.0163595
123.1   740.092  0.0429864   97467.1  720.038   0.0512226  0.000557775
247.7   1492.57  0.146069   10408.9  255.337   0.0322767  0.000815111
591.8   3564.28  0.260227   3608.78  154.823   0.0156351  0.000677301
723.3   4356.89  0.104978   11897.8  200.337   0.0127038  0.000227082
873.2   5258.95  0.1477   6281.39  148.313   0.0110463  0.00027204
996.3   6000.01  0.179337   4963.39  141.812   0.010198  0.000305486
1004.7   6051.02  0.12336   8284.24  164.727   0.00981991  0.000207009
1274.5   7674.68  0.0893115   12977  179.893   0.0079773  0.000117558
1596.4   9615.37  1.09233   577.599  67.1894   0.00698792  0.000814342
