0.395034  3.19353e-06
-4.41827  0.0011552
42.8   120  0.00266649   24326  271.075   0.0243055  0.000598446
86.5   219.616  0.198851   4355.47  341.601   0.0713647  0.00563388
105.3   267.257  0.237444   1278.83  190.014   0.030086  0.00448739
123.1   312.706  0.0122875   67882.9  469.804   0.035675  0.000377376
247.7   630.002  0.0511989   7168.96  193.36   0.0222301  0.000614245
591.8   1504.73  0.0837225   2552.84  110.85   0.0110602  0.000484824
723.3   1839.87  0.0388227   8834.55  166.972   0.009433  0.000187051
873.2   2222.55  0.0572513   4567.81  122.806   0.0080328  0.000223163
996.3   2535.69  0.0636165   2466.82  75.5507   0.00506843  0.000161793
1004.7   2557.29  0.0483458   4872.92  124.134   0.00577622  0.000152599
1274.5   3243  0.035855   10093.4  158.769   0.00620466  0.000102412
1596.4   4063.28  0.292662   335.455  46.5587   0.00405841  0.000563993
