0.149502  8.43062e-07
0.121247  0.0024058
42.8   285.72  0.0318902   35376  337.265   0.0353462  0.000846062
86.5   578.781  0.212073   4796.86  293.898   0.0785968  0.00486721
105.3   703.979  0.255319   2196.73  215.041   0.0516806  0.00510352
123.1   822.445  0.0161724   98179  526.569   0.0515968  0.000496954
247.7   1656.96  0.0616148   11088.5  217.66   0.0343841  0.000705764
591.8   3956.07  0.115479   4592.22  156.23   0.0198959  0.000687316
723.3   4837.83  0.0561219   12031.4  182.612   0.0128464  0.000209665
873.2   5839.58  0.083714   6292.27  139.426   0.0110654  0.000257134
996.3   6663.27  0.0979563   4965.55  122.484   0.0102024  0.00026789
1004.7   6720.17  0.0718768   8449  153.913   0.0100152  0.00019545
1274.5   8523.65  0.0606533   12433.3  171.638   0.00764307  0.000112218
1596.4   10677.8  0.423925   454.068  39.3281   0.00549341  0.000477351
