0.168669  1.52698e-06
0.0378249  0.00307595
42.8   253.391  0.0459052   15078.2  245.473   0.0150655  0.000411786
86.5   513.776  0.207515   2601.85  210.915   0.0426314  0.00347709
105.3   623.335  0.316526   1502.5  182.219   0.0353481  0.00431147
123.1   729.548  0.0166638   68636.3  448.834   0.036071  0.000372707
247.7   1469.57  0.0684185   7844.5  188.374   0.0243249  0.000602085
591.8   3507.78  0.156739   2768.97  114.716   0.0119967  0.000502197
723.3   4288.3  0.0731654   9526.27  169.711   0.0101716  0.000191209
873.2   5177.2  0.121845   4808.1  132.49   0.00845538  0.000240393
996.3   5907.1  0.15226   3662.59  117.06   0.00752533  0.000249871
1004.7   5957.2  0.108609   7025.99  150.728   0.00832842  0.00018794
1274.5   7555.04  0.0911215   10985.1  165.449   0.00675284  0.000107164
1596.4   9461.01  0.665558   594.883  34.5464   0.00719702  0.000420975
