0.168888  8.6304e-07
0.0501711  0.00330792
42.8   252.318  0.205662   5552.49  574.488   0.00488038  0.000516199
86.5   511.429  0.701963   2922.74  538.175   0.0424657  0.00782871
105.3   623.605  0.583392   1543.32  420.574   0.0321965  0.00878393
123.1   728.481  0.0183948   85738.6  545.615   0.0396257  0.000405069
247.7   1467.11  0.0500834   18403.3  313.234   0.0501855  0.000905705
591.8   3503.1  0.0833924   8678.09  202.216   0.0330645  0.000795596
723.3   4282.67  0.0371978   30942.3  299.778   0.0290546  0.000331099
873.2   5169.93  0.0561551   16594.4  233.49   0.0256636  0.000403316
996.3   5898.91  0.0675007   13032  239.746   0.0235474  0.000482257
1004.7   5949.18  0.049605   21019.2  262.535   0.0219113  0.000313727
1274.5   7545.66  0.0392488   36238.1  307.213   0.0195904  0.000192814
1596.4   9454.77  0.287425   1142.36  73.7938   0.012154  0.000789719
