0.171503  6.48764e-07
0.116052  0.00191949
42.8   248.885  0.05488   114008  3013.31   0.100208  0.0034436
86.5   504.257  0.126616   15710.1  502.409   0.228259  0.00758329
105.3   613.372  0.176385   7769.89  426.398   0.162094  0.00914163
123.1   717.08  0.0102053   358434  990.278   0.165657  0.00140206
247.7   1444.14  0.0411323   38105.4  427.56   0.103913  0.00132218
591.8   3448.99  0.073772   12744.7  240.08   0.0485587  0.000960012
723.3   4216.36  0.033128   43475.8  350.844   0.0408234  0.00041052
873.2   5091.26  0.0481233   22927.8  269.39   0.0354584  0.000484952
996.3   5808.51  0.0584567   17976.4  264.226   0.0324815  0.000559819
1004.7   5858.07  0.0423282   30167.7  320.027   0.031448  0.000399694
1274.5   7430.55  0.0314996   48556.4  345.955   0.0262497  0.000228483
1596.4   9308.63  0.191182   1980.37  84.8474   0.02107  0.000914697
