0.162899  4.4244e-07
0.121698  0.00123828
42.8   262.34  0.0194449   89592.3  746.593   0.0787474  0.0018498
86.5   530.874  0.0847316   10698.1  371.918   0.155437  0.00558191
105.3   645.752  0.118033   7081.48  327.279   0.147733  0.00709261
123.1   754.813  0.00726941   299911  888.396   0.138609  0.00118245
247.7   1520.6  0.0282358   34334.1  371.783   0.0936287  0.00115908
591.8   3630.43  0.0562342   12028.9  217.572   0.0458313  0.000873392
723.3   4440.1  0.0251504   42041.7  334.53   0.0394768  0.000393415
873.2   5359.99  0.0369918   22405.2  253.422   0.0346502  0.000460907
996.3   6115.52  0.0441458   17835.2  236.844   0.0322263  0.000516977
1004.7   6167.6  0.0324456   29824.3  292.138   0.03109  0.000374307
1274.5   7822.39  0.0253187   49239.4  338.051   0.026619  0.00022608
1596.4   9800.45  0.156858   1930.5  76.5464   0.0205394  0.000827003
