0.171045  4.78839e-07
0.10022  0.00119326
42.8   250.062  0.016454   112076  784.108   0.0985094  0.00227063
86.5   505.611  0.0789742   13067.6  402.112   0.189865  0.00608722
105.3   615.098  0.103942   7860.61  336.428   0.163987  0.00733512
123.1   718.999  0.00671481   352714  956.191   0.163013  0.00137695
247.7   1448.1  0.0257692   39376.4  392.488   0.107379  0.00124926
591.8   3458.01  0.0508022   13728.8  229.649   0.0523084  0.000929575
723.3   4228.51  0.0238671   48039.6  357.182   0.0451089  0.000430976
873.2   5104.42  0.0362175   24828.5  266.894   0.0383979  0.00049256
996.3   5823.67  0.0442359   19726.2  257.56   0.0356432  0.000565232
1004.7   5873.24  0.0319826   33310.6  310.181   0.0347243  0.000404519
1274.5   7450.65  0.0258444   54261.4  358.663   0.0293339  0.000243119
1596.4   9335.44  0.160265   2099.57  81.3486   0.0223382  0.000879513
