0.162206  6.72706e-07
0.0511424  0.00304113
123.1   758.188  0.0182356   49139.1  433.241   0.0227106  0.000270373
247.7   1527.99  0.0416045   14474.7  276.38   0.0394723  0.00079002
591.8   3647.26  0.0663951   7351.96  178.709   0.0280118  0.000701338
723.3   4459.68  0.0293799   26059.5  266.808   0.0244697  0.000290381
873.2   5383.31  0.0447793   14183.8  214.239   0.0219355  0.000365176
996.3   6142.22  0.0515634   11200.1  202.125   0.0202374  0.000408117
1004.7   6194.46  0.0376912   19642.7  245.692   0.0204763  0.000293499
1274.5   7855.96  0.0297789   32878.1  299.701   0.017774  0.000184792
1596.4   9840.71  0.178393   1276.58  70.545   0.0135821  0.000756556
