0.169533  7.0407e-07
0.00565434  0.00212602
42.8   251.934  0.0413779   96551.8  1380.96   0.0848645  0.00222423
86.5   510.625  0.166993   14132.9  550.94   0.205344  0.00821541
105.3   621.52  0.248888   7445.68  463.788   0.155331  0.00988393
123.1   726.02  0.0117707   342043  983.152   0.158082  0.0013438
247.7   1462.38  0.04875   37060.7  443.759   0.101064  0.00135355
591.8   3489.94  0.0896192   12370.4  249.262   0.0471325  0.000990925
723.3   4266.79  0.0379969   42592.3  355.087   0.0399938  0.000410796
873.2   5150.84  0.0548939   22487.8  278.22   0.034778  0.00049437
996.3   5876.92  0.0663162   17548.6  269.354   0.0317086  0.000564192
1004.7   5927.04  0.0475884   30593.3  329.503   0.0318917  0.000409659
1274.5   7516.93  0.0354378   48141.6  360.729   0.0260255  0.000234441
1596.4   9417.48  0.21157   1863.12  85.0677   0.0198225  0.000915646
