0.172539  9.14399e-07
0.167498  0.00436355
123.1   712.262  0.0260572   45430  453.134   0.0209963  0.000268464
247.7   1434.98  0.0506098   16848.5  326.2   0.0459456  0.000931279
591.8   3427.63  0.0706499   8404.32  200.208   0.0320214  0.000786639
723.3   4191.47  0.0310536   31031.8  294.558   0.0291386  0.000327211
873.2   5060.76  0.0451844   16912.7  247.646   0.0261558  0.000424503
996.3   5773.41  0.0544999   13166.9  241.489   0.0237913  0.000486052
1004.7   5822.56  0.0391605   23401.6  287.443   0.0243948  0.000344885
1274.5   7385.18  0.0304031   38816.2  364.184   0.0209842  0.000223091
1596.4   9252.24  0.182418   1577.99  85.0315   0.0167888  0.000912287
