0.172916  9.38845e-07
0.270054  0.00453785
123.1   710.077  0.0275064   37866.9  425.503   0.0175009  0.000241402
247.7   1431.71  0.0506639   15548.6  316.748   0.0424008  0.000900453
591.8   3420.08  0.0688931   8323.01  195.319   0.0317116  0.000768126
723.3   4181.77  0.0308405   29523.7  290.524   0.0277225  0.000319511
873.2   5048.39  0.0464187   15934.2  240.923   0.0246427  0.000410586
996.3   5759.94  0.0543137   12538.3  231.454   0.0226554  0.000465272
1004.7   5808.94  0.0387868   21579.8  268.756   0.0224956  0.000321384
1274.5   7368.83  0.0301322   35120.4  315.515   0.0189862  0.000195206
1596.4   9232.76  0.182877   1292.28  74.4978   0.0137492  0.000798435
