0.162328  4.37576e-07
0.266291  0.00118798
42.8   262.949  0.0170692   117119  801.992   0.102942  0.00236821
86.5   532.312  0.0805111   12172  376.743   0.176852  0.00570057
105.3   646.795  0.10747   7154.37  333.054   0.149253  0.00721396
123.1   756.428  0.00709444   330179  925.681   0.152599  0.00129358
247.7   1525.09  0.0277957   36425.8  379.873   0.0993327  0.00119512
591.8   3643.3  0.0531178   12357.4  218.348   0.047083  0.000878585
723.3   4455.39  0.0249748   42674.7  336.636   0.0400712  0.000397144
873.2   5377.92  0.037501   22201.5  252.573   0.0343351  0.00045863
996.3   6135.95  0.0447518   17387  237.524   0.0314164  0.000513949
1004.7   6188.12  0.032401   29939.1  290.928   0.0312098  0.00037377
1274.5   7848.91  0.0256369   47700.7  335.975   0.0257871  0.000222741
1596.4   9833.06  0.151082   1909.06  76.5804   0.0203113  0.000827083
