0.163285  5.72875e-07
0.108519  0.00149983
42.8   261.443  0.0229073   107026  872.525   0.0940712  0.00220378
86.5   529.464  0.106941   12960.9  437.873   0.188314  0.00658393
105.3   644.579  0.15115   7621.03  364.904   0.158989  0.00788815
123.1   753.16  0.00872558   337541  949.853   0.156001  0.00132297
247.7   1517.23  0.0352289   37437.6  401.907   0.102092  0.00125556
591.8   3622.11  0.0685191   13071.4  241.834   0.0498035  0.000968657
723.3   4429.65  0.0311505   44813.1  353.91   0.0420792  0.000417348
873.2   5347.37  0.0471217   23044.4  270.966   0.0356387  0.000487691
996.3   6101.18  0.0566056   18708.1  271.908   0.0338036  0.000577877
1004.7   6153.04  0.0422144   29986.2  309.745   0.0312588  0.000390048
1274.5   7803.84  0.033901   49609.4  357.13   0.026819  0.000235066
1596.4   9777.28  0.219767   1931.9  90.4875   0.0205543  0.000973426
