0.405615  6.81574e-06
-0.429519  0.0165939
123.1   304.408  0.0691303   10119.3  382.3   0.00467683  0.000180605
247.7   612.637  0.0596329   6502.2  256.897   0.0177314  0.000708587
591.8   1459.74  0.0724744   3684  153.437   0.0140364  0.000590649
723.3   1783.97  0.0282335   15531.6  230.718   0.014584  0.000233647
873.2   2153.63  0.0397734   8332.63  177.834   0.0128866  0.000289439
996.3   2457.3  0.0468363   6401.22  158.878   0.0115663  0.000305368
1004.7   2478.41  0.032631   11537.4  195.311   0.0120271  0.00022032
1274.5   3143.21  0.0233894   20244.5  230.315   0.0109442  0.000136003
1596.4   3937.26  0.184671   894.781  65.6735   0.00951995  0.000701898
