0.169109  7.08769e-07
0.0502737  0.00165237
42.8   252.839  0.025026   99026.5  1036.13   0.0870397  0.00211746
86.5   511.522  0.115565   12501.2  427.114   0.181635  0.00641742
105.3   622.174  0.150924   7206.72  347.615   0.150345  0.00751065
123.1   727.63  0.00914119   323648  937.312   0.14958  0.00127264
247.7   1464.61  0.0365802   36138.4  402.43   0.0985488  0.00124658
591.8   3498.03  0.0752458   11942.5  236.318   0.0455024  0.00094088
723.3   4276.95  0.0355789   41676.8  352.728   0.0391342  0.000405996
873.2   5162.94  0.0545709   21466.9  272.494   0.033199  0.000481249
996.3   5891.02  0.0665341   17782.3  298.484   0.0321307  0.000611965
1004.7   5941.18  0.0501677   24887.4  294.914   0.0259437  0.000357063
1274.5   7536.28  0.0400772   41865.2  341.22   0.0226325  0.000216409
1596.4   9441.39  0.244476   2313.73  95.0096   0.0246167  0.00102543
