0.164354  7.71241e-07
0.113218  0.00320567
123.1   748.385  0.0181812   87719.8  560.961   0.0405414  0.000415218
247.7   1507.28  0.0566267   16693.6  330.691   0.0455233  0.000942248
591.8   3598.08  0.0828649   7866.13  193.962   0.0299709  0.000760581
723.3   4399.76  0.0355711   28293.6  283.438   0.0265675  0.000310232
873.2   5311.4  0.0519568   15705.5  258.069   0.0242889  0.000433816
996.3   6060.78  0.0638638   12314.9  258.557   0.0222517  0.000508301
1004.7   6112.18  0.0472428   21603  296.656   0.0225199  0.000347107
1274.5   7754.49  0.0349919   35771  378.841   0.0193379  0.00022648
1596.4   9716.41  0.234429   1446.07  116.728   0.0153853  0.00124658
