0.180617  9.37672e-07
0.10034  0.003714
42.8   236.305  0.386498   9022.7  1369.25   0.00793053  0.00121605
86.5   479.446  0.415256   2370.08  353.242   0.0344359  0.00514176
105.3   583.843  0.637483   1582.66  320.598   0.0330172  0.00670202
123.1   681.101  0.0197952   69061.8  512.698   0.0319182  0.000348351
247.7   1371.24  0.051177   17074.8  311.105   0.0465627  0.000893194
591.8   3274.78  0.0739503   8603.87  195.877   0.0327817  0.000771797
723.3   4003.32  0.0336331   30377.9  296.258   0.0285246  0.000326616
873.2   4834.29  0.0503306   16604.1  230.488   0.0256786  0.000399212
996.3   5515.06  0.0626515   13132.5  227.013   0.0237291  0.000462454
1004.7   5562.16  0.0435364   21358.7  256.686   0.0222652  0.000309662
1274.5   7056.19  0.0347697   36847.3  302.17   0.0199198  0.000191323
1596.4   8839.59  0.232601   1444.03  77.0932   0.0153636  0.000827247
