0.170403  1.07592e-06
0.136098  0.00560401
123.1   721.019  0.0362334   26976.3  389.331   0.0124676  0.000205731
247.7   1453.5  0.0642875   13002  305.26   0.0354563  0.000859193
591.8   3471.42  0.0756243   7203.01  185.718   0.0274443  0.000726514
723.3   4244.15  0.0318767   26848  276.1   0.0252101  0.000300156
873.2   5124.34  0.0460201   15043.2  231.956   0.0232646  0.00039396
996.3   5846.21  0.0578094   11831.5  226.67   0.0213783  0.000452511
1004.7   5895.83  0.0412984   20740.3  266.587   0.0216205  0.000316439
1274.5   7477.83  0.0309819   34321.1  317.905   0.0185541  0.000195301
1596.4   9368.37  0.188177   1530.37  90.4233   0.0162822  0.000968779
