0.176106  1.49836e-06
0.148093  0.00711279
123.1   698.143  0.0479473   14384.4  319.586   0.00664804  0.000156986
247.7   1406.83  0.0577333   11573.9  266.795   0.0315619  0.000751788
591.8   3357.38  0.087061   6261.67  175.677   0.0238577  0.000684485
723.3   4105.99  0.0403151   22630  260.145   0.0212494  0.000275546
873.2   4957.41  0.0634797   12193  205.26   0.0188567  0.000343789
996.3   5656.37  0.0777784   9541.48  190.302   0.0172405  0.000377245
1004.7   5704.47  0.0546733   16884.7  231.937   0.0176013  0.000271364
1274.5   7236.6  0.0448658   27642.6  267.414   0.0149437  0.000162732
1596.4   9067.13  0.353246   956.555  78.5479   0.0101772  0.000838735
