0.167891  5.76408e-07
0.116405  0.0014331
42.8   254.582  0.0206669   96221.2  770.857   0.084574  0.00197717
86.5   515.295  0.0973145   11788.2  396.782   0.171275  0.00596754
105.3   626.423  0.133097   6675.58  342.553   0.139265  0.00737204
123.1   732.362  0.0081376   318400  921.303   0.147154  0.00125187
247.7   1475.73  0.0322028   36070.4  392.866   0.0983634  0.00122314
591.8   3523.44  0.0643939   12404.5  230.699   0.0472626  0.000923599
723.3   4308.18  0.0293836   42306.2  340.566   0.0397252  0.000398843
873.2   5200.88  0.0451131   22218.8  261.897   0.0343618  0.000471068
996.3   5933.77  0.0547029   17863.2  257.402   0.0322769  0.000548363
1004.7   5984.08  0.0400065   28918.6  298.209   0.030146  0.000375723
1274.5   7589.49  0.0326289   47139.1  344.896   0.0254835  0.000225831
1596.4   9509.06  0.218069   1696.47  78.1445   0.0180494  0.000840957
