0.18159  2.34782e-06
0.27813  0.0119598
123.1   676.605  0.0903595   9016.78  322.152   0.00416727  0.000152575
247.7   1363.68  0.094875   7541.34  259.09   0.0205651  0.000717228
591.8   3256.21  0.123331   4603.33  172.187   0.0175392  0.000664438
723.3   3980.86  0.0524711   16895.1  240.16   0.0158644  0.000244774
873.2   4807.4  0.0769996   9538.69  191.979   0.0147518  0.000314345
996.3   5485  0.0926803   7197.75  174.81   0.0130056  0.000336854
1004.7   5531.64  0.0661607   12877.1  215.966   0.0134236  0.000243955
1274.5   7017.11  0.0507843   21553.3  247.143   0.0116518  0.000145756
1596.4   8791.85  0.368009   844.273  69.1711   0.00898258  0.000738622
