0.162455  4.02713e-07
0.10209  0.00098747
42.8   263.216  0.0137099   115052  702.73   0.101125  0.00230525
86.5   532.616  0.0645815   11515.3  341.386   0.167311  0.00518367
105.3   647.35  0.09213   7463.26  306.597   0.155697  0.00670879
123.1   756.969  0.00585218   327306  908.105   0.151271  0.00128088
247.7   1525.23  0.0232611   36067.5  363.661   0.0983555  0.001154
591.8   3641.64  0.0494284   12331.8  216.327   0.0469855  0.000871108
723.3   4452.01  0.0226524   42812.3  332.067   0.0402004  0.000394212
873.2   5374.05  0.034114   22611.4  251.386   0.0349691  0.000459418
996.3   6132.04  0.041939   17796.1  236.791   0.0321557  0.000516542
1004.7   6184.28  0.0303997   30042.8  284.708   0.0313178  0.000368978
1274.5   7844.32  0.0244835   48867.6  334.609   0.026418  0.000223985
1596.4   9827.13  0.146433   1947.71  77.9847   0.0207225  0.000842296
