0.167324  8.30255e-07
0.278331  0.00271501
42.8   254.7  0.0557036   94896.3  1377.27   0.0834094  0.00219573
86.5   516.314  0.236197   15227.3  680.767   0.221244  0.0100896
105.3   628.524  0.341073   7687.36  540.094   0.160372  0.0114586
123.1   733.821  0.0151758   343237  1009.5   0.158633  0.00135211
247.7   1480.43  0.0671302   37811.1  522.565   0.10311  0.00155353
591.8   3534.73  0.107735   13244.2  280.672   0.050462  0.00111143
723.3   4322.42  0.0458779   44649.4  373.119   0.0419255  0.00043131
873.2   5217.3  0.0643703   23711.5  314.141   0.0366704  0.000549471
996.3   5952.88  0.080423   18226.1  346.393   0.0329326  0.000692528
1004.7   6003.63  0.0577132   31283.6  363.622   0.0326113  0.000442486
1274.5   7614.32  0.0404507   50994.4  410.896   0.0275677  0.000261423
1596.4   9539.51  0.240893   2126.51  104.562   0.0226248  0.0011237
