0.173138  1.22962e-06
0.130775  0.00561362
123.1   710.128  0.0316176   49414.8  486.679   0.022838  0.000289781
247.7   1430.81  0.0833508   11930.6  332.834   0.0325345  0.000928388
591.8   3416.37  0.102135   6671.55  189.181   0.0254194  0.000736761
723.3   4177.04  0.0435468   22816.9  264.218   0.0214249  0.000279424
873.2   5042.39  0.0637792   12627  238.014   0.0195279  0.000392656
996.3   5753.37  0.0817621   10010.4  264.008   0.0180877  0.000504048
1004.7   5802.45  0.0555488   16852.7  290.034   0.0175679  0.000326396
1274.5   7360.27  0.0431654   27987.7  326.504   0.0151302  0.000192038
1596.4   9221.2  0.300086   1086.33  85.6558   0.0115579  0.000914912
