0.170758  4.82835e-07
0.0852352  0.00124389
42.8   250.112  0.017462   109458  790.075   0.0962081  0.00222416
86.5   506.148  0.0819318   13034.1  405.523   0.189378  0.00613359
105.3   616.269  0.12113   8075.69  355.594   0.168474  0.0077349
123.1   720.279  0.00701604   354636  958.446   0.163902  0.00138402
247.7   1451.71  0.0273365   38658.6  390.011   0.105421  0.00123743
591.8   3464.35  0.053511   12982.1  226.611   0.0494633  0.000912996
723.3   4236.24  0.0248267   44225.8  344.945   0.0415277  0.000408651
873.2   5113.57  0.0368263   22933.8  257.449   0.0354676  0.000469216
996.3   5834.26  0.0444021   18025.4  242.22   0.0325701  0.000526762
1004.7   5883.82  0.032792   30568.2  298.5   0.0318656  0.000382859
1274.5   7462.26  0.0255247   49735  340.808   0.0268869  0.000228074
1596.4   9349.51  0.154286   1920.58  76.5113   0.0204339  0.000826507
