0.157959  4.45593e-07
0.15615  0.00118042
42.8   270.087  0.0179857   120907  894.895   0.106272  0.00246297
86.5   547.123  0.0819473   12892.4  390.651   0.187319  0.00592102
105.3   665.222  0.113557   7324.72  336.292   0.152807  0.00729148
123.1   778.252  0.00713493   337530  931.092   0.155996  0.00132008
247.7   1568.01  0.0291646   36447.5  377.606   0.0993918  0.00118995
591.8   3745.24  0.056773   12405.6  219.596   0.0472667  0.000883443
723.3   4578.21  0.0264406   42511.2  337.249   0.0399177  0.000397046
873.2   5526.78  0.0398885   22172.6  254.518   0.0342905  0.000461033
996.3   6306.28  0.0480534   17489.2  244.238   0.0316013  0.000525022
1004.7   6359.94  0.0354174   29102.9  290.235   0.0303381  0.000369645
1274.5   8067.24  0.0281435   47390.1  338.367   0.0256192  0.000223314
1596.4   10106.5  0.171449   1794.94  76.0036   0.0190971  0.00081961
