0.172033  4.64598e-07
0.223884  0.00119443
42.8   248.01  0.0166406   100644  714.01   0.088461  0.00204167
86.5   502.319  0.0738857   11518.6  361.019   0.167359  0.00545737
105.3   610.993  0.107674   7321.37  329.16   0.152737  0.00714818
123.1   714.132  0.00669666   324227  917.017   0.149848  0.00127149
247.7   1438.31  0.0263051   36210.1  375.964   0.0987445  0.00118413
591.8   3438.24  0.0502869   12230.9  215.886   0.0466011  0.000868773
723.3   4204.01  0.0234498   43265.9  337.305   0.0406264  0.000399667
873.2   5075.44  0.0353945   22242.8  252.867   0.0343989  0.000459253
996.3   5790.01  0.0420354   17672.6  236.161   0.0319325  0.000514474
1004.7   5839.29  0.0306112   30532.3  292.602   0.0318281  0.000377724
1274.5   7406.32  0.0242913   49030.3  336.681   0.0265059  0.000225149
1596.4   9279.23  0.1419   1996.65  75.5366   0.0212432  0.000817306
