0.169184  6.85883e-07
0.240985  0.00287592
123.1   725.8  0.0162731   54534.9  448.285   0.0252043  0.000289105
247.7   1464.06  0.0405601   14741.9  284.051   0.040201  0.000811289
591.8   3495.99  0.0611915   7449.44  176.542   0.0283832  0.000693869
723.3   4274.77  0.0279916   26969.4  271.11   0.0253241  0.000296468
873.2   5159.99  0.0409236   14683.7  217.415   0.0227086  0.000371919
996.3   5887.72  0.0503057   11805.7  208.638   0.0213317  0.000423059
1004.7   5937.76  0.0363513   20355.7  252.1   0.0212197  0.000301873
1274.5   7530.69  0.0290488   33388.7  298.645   0.01805  0.000184961
1596.4   9435.3  0.177725   1332.73  77.0206   0.0141795  0.000825444
