0.16436  2.76691e-06
-0.0648223  0.0166789
123.1   748.447  0.175543   8105.48  384.398   0.0037461  0.000180167
247.7   1507.96  0.162695   6795.51  291.726   0.0185313  0.000803266
591.8   3599.25  0.16816   4299.44  172.74   0.0163813  0.000665456
723.3   4401.45  0.0646702   16051.1  233.309   0.0150719  0.000237006
873.2   5313.2  0.0944301   8848.07  191.053   0.0136837  0.000310606
996.3   6061.89  0.108034   7109.18  173.846   0.0128456  0.000334722
1004.7   6113.48  0.0788348   12376.4  214.463   0.0129017  0.000241118
1274.5   7754.5  0.0553756   21670.4  249.455   0.0117151  0.000147028
1596.4   9715.15  0.459886   770.272  82.2713   0.00819525  0.000877197
