0.366503  1.61684e-06
0.0958233  0.00232625
42.8   116.613  0.0145444   80611.5  605.793   0.0708537  0.0016447
86.5   235.846  0.0874119   13862.1  524.12   0.201408  0.00782793
105.3   287.29  0.132228   6374.07  432.339   0.132975  0.00918356
123.1   335.577  0.00628207   286015  913.271   0.132187  0.00113862
247.7   675.96  0.0256077   31440.6  403.286   0.085738  0.00121412
591.8   1614.06  0.044371   10186.8  216.602   0.0388129  0.000857507
723.3   1973.38  0.0189299   37181.7  325.368   0.0349134  0.000370437
873.2   2382.43  0.0268525   19754.6  246.569   0.030551  0.000437199
996.3   2717.88  0.0320808   14809.5  221.821   0.0267592  0.000467598
1004.7   2741.06  0.0232262   25644.5  273.898   0.0267328  0.000341381
1274.5   3477.05  0.0168989   42353.3  316.39   0.0228963  0.000205819
1596.4   4359.36  0.108728   1697.7  77.8821   0.0180625  0.000838212
