Clover0
0.0125331  0  0  0
0.0125331  0  0  0
0.0125331  0  0  0
0.0125331  0  0  0
0.0125331  0  0  0
0.0125331  0  0  0
0.0125331  0  0  0
0.0125331  0  0  0
0.0125331  0  0  0
0.0125331  0  0  0
0.0125331  0  0  0
0.0125331  0  0  0

Clover1
0.235669  0.0264511  0.0046948  2.16675e-05
0.640729  0.00373745  0.0085971  2.93208e-05
0.649796  0.00375735  0.0090258  3.0043e-05
0.644142  0.00373655  0.0093002  3.04962e-05
0.620187  0.00364106  0.0101562  3.18688e-05
0.54261  0.00348409  0.011025  3.32039e-05
0.393103  0.00331197  0.0122488  3.49983e-05
0.38478  0.00319317  0.012253  3.50043e-05
0.377951  0.00317335  0.0122675  3.5025e-05
0.372116  0.00316573  0.0123172  3.50959e-05
0.336443  0.0028692  0.012416  3.52363e-05
0.338078  0.00286674  0.0124579  3.52958e-05

Clover2
0.473636  0.0298376  0.013693  3.70041e-05
1.5756  0.00578351  0.0200248  4.47491e-05
1.56842  0.00579469  0.0205129  4.52912e-05
1.52228  0.00570304  0.0206098  4.5398e-05
1.35965  0.00538021  0.0207557  4.55584e-05
1.12488  0.00490981  0.0205987  4.53858e-05
0.751606  0.00448665  0.0202045  4.49494e-05
0.734039  0.004321  0.0201243  4.48601e-05
0.714126  0.0042768  0.0200406  4.47667e-05
0.700819  0.00426245  0.0199939  4.47145e-05
0.626501  0.00385487  0.019639  4.43159e-05
0.62451  0.00382325  0.0196781  4.436e-05

Clover3
0.395474  0.0152607  0.0105463  3.24751e-05
1.00465  0.00459832  0.0125239  3.53891e-05
0.979161  0.00451555  0.0126147  3.55172e-05
0.95695  0.00448792  0.0127064  3.5646e-05
0.86678  0.00426743  0.0130012  3.60572e-05
0.738806  0.0039715  0.0136189  3.69038e-05
0.504661  0.00372546  0.0142683  3.77734e-05
0.493864  0.00359596  0.0142704  3.77762e-05
0.483423  0.00355728  0.0142568  3.77582e-05
0.475248  0.00353305  0.0143281  3.78525e-05
0.428939  0.0032455  0.0142866  3.77976e-05
0.423522  0.00316962  0.0142167  3.7705e-05

Clover4
0.0125331  0  0  0
0.0125331  0  0  0
0.0125331  0  0  0
0.0125331  0  0  0
0.0125331  0  0  0
0.0125331  0  0  0
0.0125331  0  0  0
0.0125331  0  0  0
0.0125331  0  0  0
0.0125331  0  0  0
0.0125331  0  0  0
0.0125331  0  0  0

Clover5
0.401559  0.0143419  0.0106132  3.25779e-05
1.00728  0.00461441  0.012592  3.54852e-05
0.98609  0.00458211  0.0126794  3.56081e-05
0.957948  0.00450668  0.0126915  3.56251e-05
0.870118  0.00431181  0.0130831  3.61706e-05
0.739247  0.00399151  0.0136271  3.69149e-05
0.508432  0.00374991  0.0143063  3.78237e-05
0.494049  0.00361939  0.0143194  3.7841e-05
0.484296  0.00356802  0.0143341  3.78604e-05
0.481267  0.0035542  0.014394  3.79394e-05
0.430148  0.0032454  0.0143245  3.78477e-05
0.422892  0.003213  0.0142843  3.77946e-05

Clover6
0.497404  0.0315368  0.014217  3.77054e-05
1.63397  0.00591467  0.0207411  4.55424e-05
1.6178  0.0058563  0.0211584  4.59983e-05
1.58597  0.00582734  0.0214702  4.63359e-05
1.39936  0.00547574  0.021375  4.62331e-05
1.14618  0.00492882  0.021137  4.5975e-05
0.74152  0.00444346  0.020435  4.52051e-05
0.728769  0.00430637  0.0203307  4.50896e-05
0.709303  0.00424685  0.0202735  4.50261e-05
0.696027  0.00424442  0.0201677  4.49085e-05
0.617429  0.00383323  0.0198095  4.45079e-05
0.609636  0.00380074  0.019879  4.45859e-05

Clover7
0.218276  0.0179406  0.0047079  2.16977e-05
0.644818  0.00375883  0.0086509  2.94124e-05
0.647938  0.00379675  0.0089871  2.99785e-05
0.649707  0.00378341  0.0093705  3.06113e-05
0.620207  0.00368289  0.0101369  3.18385e-05
0.54742  0.00347418  0.0110608  3.32578e-05
0.389548  0.00329296  0.0121988  3.49268e-05
0.390269  0.00318491  0.0122409  3.4987e-05
0.3771  0.00316593  0.0122953  3.50647e-05
0.375191  0.00314697  0.0123403  3.51288e-05
0.339138  0.0028646  0.0124334  3.5261e-05
0.335018  0.00285231  0.0124208  3.52432e-05

Clover8
0.219441  0.0187215  0.0046744  2.16204e-05
0.638312  0.00377589  0.008593  2.93138e-05
0.650474  0.00376582  0.0090613  3.0102e-05
0.645921  0.00378195  0.0093249  3.05367e-05
0.612443  0.00366998  0.0100724  3.1737e-05
0.544847  0.00345501  0.0110578  3.32533e-05
0.392908  0.00331294  0.0121815  3.4902e-05
0.386272  0.00318938  0.0121862  3.49087e-05
0.377594  0.00317917  0.0122962  3.50659e-05
0.372422  0.00315926  0.0123514  3.51446e-05
0.338072  0.00285448  0.012405  3.52207e-05
0.336154  0.00284539  0.0124554  3.52922e-05

Clover9
0.482039  0.0315805  0.0136601  3.69596e-05
1.57819  0.00579299  0.0200159  4.47391e-05
1.56699  0.0057749  0.0205437  4.53252e-05
1.53185  0.00576193  0.0207252  4.55249e-05
1.36148  0.00539504  0.0206915  4.54879e-05
1.12278  0.00490482  0.0206295  4.54197e-05
0.751312  0.00448717  0.0202111  4.49568e-05
0.740126  0.00435352  0.0202014  4.4946e-05
0.715658  0.00426129  0.0200429  4.47693e-05
0.705969  0.00429135  0.0199624  4.46793e-05
0.630442  0.00389193  0.0196978  4.43822e-05
0.621445  0.00384582  0.0196003  4.42722e-05

Clover10
0.406303  0.0128682  0.0105935  3.25477e-05
0.999976  0.00457594  0.0124941  3.5347e-05
0.976931  0.00453265  0.0125871  3.54783e-05
0.950041  0.00450479  0.0126438  3.55581e-05
0.869443  0.00429753  0.0130515  3.61269e-05
0.735459  0.00398579  0.0135552  3.68174e-05
0.510284  0.00376099  0.0142884  3.78e-05
0.49214  0.00358372  0.0142052  3.76898e-05
0.487151  0.00356993  0.0142813  3.77906e-05
0.478228  0.0035662  0.014312  3.78312e-05
0.430784  0.00321478  0.0143394  3.78674e-05
0.423864  0.0032069  0.0142898  3.78019e-05

Clover11
0.392778  0.0437905  0.0105558  3.24897e-05
1.00001  0.00460357  0.0125077  3.53662e-05
0.976595  0.00451022  0.0125845  3.54746e-05
0.956666  0.00451564  0.0127204  3.56657e-05
0.869403  0.0042885  0.0130432  3.61154e-05
0.74045  0.00397697  0.0135789  3.68496e-05
0.501327  0.00371754  0.0141679  3.76403e-05
0.495837  0.00357006  0.0142827  3.77925e-05
0.48196  0.00353713  0.0142972  3.78116e-05
0.473157  0.00355087  0.0142845  3.77948e-05
0.429038  0.00322578  0.0143203  3.78422e-05
0.424252  0.00321274  0.0142546  3.77553e-05

Clover12
0.524342  0.0335444  0.0152126  3.90033e-05
1.74577  0.00610808  0.0221345  4.70473e-05
1.73278  0.00605571  0.0226749  4.76182e-05
1.68465  0.00598365  0.0227438  4.76905e-05
1.49261  0.0056031  0.0227649  4.77126e-05
1.23617  0.00519718  0.022568  4.75058e-05
0.826413  0.00469695  0.0220517  4.69592e-05
0.80936  0.00456181  0.0219528  4.68538e-05
0.787823  0.00449708  0.0219254  4.68246e-05
0.7709  0.00446792  0.0218549  4.67492e-05
0.690422  0.00407383  0.0214167  4.62782e-05
0.686647  0.00400749  0.0214455  4.63093e-05

Clover13
0.210226  0.0192568  0.0046431  2.15479e-05
0.638942  0.00376799  0.0085688  2.92725e-05
0.651349  0.00375473  0.0090106  3.00177e-05
0.648437  0.00377844  0.0093159  3.0522e-05
0.616846  0.00366797  0.0101217  3.18146e-05
0.543602  0.00347668  0.0110081  3.31785e-05
0.389643  0.0033015  0.0121523  3.48601e-05
0.385756  0.0032053  0.0122284  3.49691e-05
0.377087  0.00314611  0.0123094  3.50848e-05
0.372517  0.00314617  0.0122824  3.50463e-05
0.340759  0.00288651  0.0124388  3.52687e-05
0.342789  0.00289229  0.0125309  3.5399e-05

Clover14
0.62746  0.0564354  0.0156191  3.9521e-05
1.78234  0.00613046  0.02262  4.75605e-05
1.76868  0.00613471  0.0231142  4.80772e-05
1.71768  0.00605204  0.0232166  4.81836e-05
1.53186  0.00569925  0.023254  4.82224e-05
1.25489  0.00518096  0.0229496  4.79057e-05
0.837124  0.00472616  0.0223393  4.72645e-05
0.824564  0.00462104  0.0222487  4.71685e-05
0.801036  0.00453183  0.0220904  4.70004e-05
0.785169  0.00451796  0.0220959  4.70063e-05
0.704753  0.00412947  0.0216684  4.65493e-05
0.704788  0.00408431  0.0216471  4.65264e-05

Clover15
0.581381  0.0397641  0.0156343  3.95402e-05
1.77817  0.00613577  0.0225707  4.75086e-05
1.77334  0.00619652  0.0231936  4.81597e-05
1.72822  0.00606404  0.0233551  4.83271e-05
1.52509  0.00575018  0.0232024  4.81689e-05
1.2592  0.00520509  0.0229793  4.79367e-05
0.844574  0.00472885  0.0224106  4.73398e-05
0.826248  0.00456342  0.0222899  4.72122e-05
0.804028  0.00452558  0.0221875  4.71036e-05
0.784895  0.00456233  0.0221233  4.70354e-05
0.705028  0.00411887  0.0217475  4.66342e-05
0.693364  0.00405449  0.0215469  4.64186e-05

Crystal0
0.0010665  0  2.28355e-05  0
0.0125331  0  0  0
0.0125331  0  0  0
0.0125331  0  0  0
0.0125331  0  0  0
0.0125331  0  0  0
0.0125331  0  0  0
0.0125331  0  0  0
0.0125331  0  0  0
0.0125331  0  0  0
0.0125331  0  0  0
0.0125331  0  0  0

Crystal1
0.00114541  0  2.37617e-05  0
0.0125331  0  0  0
0.0125331  0  0  0
0.0125331  0  0  0
0.0125331  0  0  0
0.0125331  0  0  0
0.0125331  0  0  0
0.0125331  0  0  0
0.0125331  0  0  0
0.0125331  0  0  0
0.0125331  0  0  0
0.0125331  0  0  0

Crystal2
0.00115874  0  2.37061e-05  0
0.0125331  0  0  0
0.0125331  0  0  0
0.0125331  0  0  0
0.0125331  0  0  0
0.0125331  0  0  0
0.0125331  0  0  0
0.0125331  0  0  0
0.0125331  0  0  0
0.0125331  0  0  0
0.0125331  0  0  0
0.0125331  0  0  0

Crystal3
0.00107977  0  2.28224e-05  0
0.0125331  0  0  0
0.0125331  0  0  0
0.0125331  0  0  0
0.0125331  0  0  0
0.0125331  0  0  0
0.0125331  0  0  0
0.0125331  0  0  0
0.0125331  0  0  0
0.0125331  0  0  0
0.0125331  0  0  0
0.0125331  0  0  0

Crystal4
0.00115236  0.00100618  2.36766e-05  8.51058e-06
0.107023  0.00154613  0.0014972  1.2236e-05
0.107763  0.0015719  0.0015815  1.25758e-05
0.106771  0.00150461  0.0016597  1.28829e-05
0.0974946  0.00141636  0.0019252  1.38752e-05
0.0789721  0.00131006  0.0022474  1.49913e-05
0.0551551  0.00107705  0.0027686  1.66391e-05
0.0531045  0.0010633  0.0027988  1.67296e-05
0.0511199  0.00103458  0.0028122  1.67696e-05
0.0493194  0.00101242  0.0028184  1.67881e-05
0.0433918  0.00093405  0.0029126  1.70663e-05
0.0433716  0.00095484  0.0029231  1.70971e-05

Crystal5
0.00107688  0.00158563  2.27914e-05  1.28518e-05
0.208477  0.00212735  0.0028336  1.68333e-05
0.210319  0.00217664  0.0030008  1.73228e-05
0.210003  0.00212408  0.0031264  1.76816e-05
0.190117  0.00202894  0.0034502  1.85747e-05
0.157015  0.0018263  0.0037839  1.94522e-05
0.104543  0.00147021  0.004267  2.06567e-05
0.0996045  0.00143236  0.0042497  2.06148e-05
0.0969176  0.00142005  0.0042659  2.06541e-05
0.0941219  0.00141164  0.0042646  2.06509e-05
0.0814787  0.00128183  0.0043303  2.08094e-05
0.0793875  0.00128761  0.0043289  2.0806e-05

Crystal6
0.00104536  0.00158905  2.27574e-05  1.28655e-05
0.212022  0.00211724  0.0028782  1.69653e-05
0.212856  0.0021559  0.0030156  1.73655e-05
0.205479  0.00211211  0.0030902  1.7579e-05
0.191261  0.00197272  0.0034638  1.86113e-05
0.156612  0.00182801  0.003809  1.95167e-05
0.101964  0.00145529  0.0042216  2.05465e-05
0.0980992  0.00140315  0.0042457  2.06051e-05
0.0957532  0.00138638  0.0042652  2.06524e-05
0.0945443  0.00140165  0.0042781  2.06836e-05
0.0802572  0.00129826  0.0042745  2.06749e-05
0.0803561  0.00127676  0.0043208  2.07865e-05

Crystal7
0.00113003  0.00101677  2.36567e-05  8.53815e-06
0.105706  0.00154118  0.0014934  1.22205e-05
0.107137  0.00152283  0.0015874  1.25992e-05
0.105184  0.00152735  0.0016476  1.28359e-05
0.0967881  0.00143358  0.0019137  1.38337e-05
0.0785252  0.00130154  0.0022544  1.50147e-05
0.0543196  0.00106042  0.0027826  1.66811e-05
0.0526758  0.00101994  0.0028043  1.6746e-05
0.0513836  0.00103057  0.0027934  1.67135e-05
0.0501308  0.00103733  0.0028497  1.68811e-05
0.0428582  0.000927282  0.0029199  1.70877e-05
0.0430212  0.000943863  0.0029447  1.71601e-05

Crystal8
0.460277  0.00301882  0.0051312  2.26522e-05
0.482663  0.00318269  0.0060232  2.45422e-05
0.470211  0.00316325  0.0060717  2.46408e-05
0.446829  0.0030809  0.0060328  2.45618e-05
0.375122  0.0028057  0.0060642  2.46256e-05
0.289778  0.0024274  0.0061136  2.47257e-05
0.174701  0.00185789  0.0061813  2.48622e-05
0.17065  0.00182988  0.0061327  2.47643e-05
0.163479  0.00180951  0.0061199  2.47384e-05
0.158794  0.00175461  0.0060828  2.46633e-05
0.130616  0.00162152  0.005955  2.44029e-05
0.129886  0.00156651  0.0059992  2.44933e-05

Crystal9
0.138549  0.00157129  0.0017293  1.31503e-05
0.300163  0.00253924  0.0040542  2.0135e-05
0.307431  0.00256249  0.0043011  2.07391e-05
0.299377  0.00256932  0.0043877  2.09468e-05
0.272268  0.0024234  0.0047451  2.17833e-05
0.213937  0.00211305  0.0049548  2.22594e-05
0.136423  0.00165289  0.0052385  2.28878e-05
0.130105  0.00162161  0.0052674  2.29508e-05
0.124872  0.0015855  0.0052272  2.28631e-05
0.122535  0.00158857  0.0052587  2.29319e-05
0.105654  0.00142688  0.005263  2.29412e-05
0.103965  0.00145188  0.0053121  2.3048e-05

Crystal10
0.136272  0.00156051  0.0017079  1.30687e-05
0.300962  0.00255843  0.004055  2.0137e-05
0.308093  0.00254609  0.0042931  2.07198e-05
0.302081  0.00254476  0.00441  2.1e-05
0.269949  0.00241024  0.0047224  2.17311e-05
0.213223  0.00209127  0.0049423  2.22313e-05
0.135395  0.00166343  0.005274  2.29652e-05
0.131308  0.00162837  0.0052615  2.2938e-05
0.126562  0.00160987  0.0052796  2.29774e-05
0.123513  0.00161223  0.0052745  2.29663e-05
0.106623  0.0014792  0.0052821  2.29828e-05
0.105497  0.0014716  0.0052995  2.30206e-05

Crystal11
0.46587  0.00304708  0.0051915  2.27849e-05
0.483188  0.00318564  0.0060089  2.45131e-05
0.467827  0.00316297  0.0060453  2.45872e-05
0.450113  0.00308463  0.0060836  2.4665e-05
0.37669  0.00281925  0.0060662  2.46297e-05
0.292337  0.00247569  0.0061774  2.48544e-05
0.173352  0.00185176  0.0061331  2.47651e-05
0.166972  0.00180176  0.0061154  2.47293e-05
0.161821  0.00176395  0.0061059  2.47101e-05
0.157375  0.00177551  0.0060855  2.46688e-05
0.132572  0.00161811  0.0060242  2.45442e-05
0.131154  0.00159308  0.0059848  2.44639e-05

Crystal12
0.347084  0.00269066  0.0039511  1.98774e-05
0.358041  0.0027251  0.0044676  2.11367e-05
0.344774  0.00266546  0.0044515  2.10986e-05
0.332486  0.00262023  0.0044762  2.1157e-05
0.286109  0.00243005  0.004614  2.14802e-05
0.226977  0.00216256  0.0048638  2.2054e-05
0.141298  0.00169921  0.0051506  2.26949e-05
0.137231  0.00164735  0.0051185  2.26241e-05
0.132976  0.00160313  0.005108  2.26009e-05
0.128466  0.00160906  0.0051351  2.26608e-05
0.109175  0.0014885  0.0051141  2.26144e-05
0.1083  0.00144172  0.0051067  2.2598e-05

Crystal13
0.114277  0.0014593  0.0013769  1.17341e-05
0.138916  0.00173178  0.0018842  1.37266e-05
0.137607  0.00173697  0.0019586  1.3995e-05
0.13467  0.00171388  0.0020287  1.42432e-05
0.11707  0.00157682  0.0022672  1.50572e-05
0.0966607  0.00143327  0.0026486  1.62745e-05
0.0613367  0.00111247  0.0030838  1.75608e-05
0.0582953  0.00109274  0.0030788  1.75465e-05
0.0574695  0.00111065  0.0031045  1.76196e-05
0.0561368  0.00105085  0.003159  1.77736e-05
0.0480874  0.000990231  0.0031864  1.78505e-05
0.0477803  0.00098716  0.0031991  1.7886e-05

Crystal14
0.112004  0.00144514  0.0013771  1.1735e-05
0.140637  0.00176573  0.0018938  1.37615e-05
0.135103  0.00170533  0.0019461  1.39503e-05
0.13429  0.00171444  0.0020419  1.42895e-05
0.118583  0.00160316  0.0022594  1.50313e-05
0.0947956  0.00138227  0.0026112  1.61592e-05
0.0616935  0.00112941  0.003075  1.75357e-05
0.0600871  0.00114051  0.003106  1.76238e-05
0.0579276  0.00109163  0.0031449  1.77339e-05
0.0548571  0.00105212  0.0031494  1.77465e-05
0.0489645  0.00100884  0.0032165  1.79346e-05
0.0471861  0.000984952  0.0032212  1.79477e-05

Crystal15
0.350041  0.00268931  0.003981  1.99524e-05
0.355917  0.00271932  0.0044271  2.10407e-05
0.345603  0.00266988  0.0044581  2.11142e-05
0.331142  0.00262229  0.0044665  2.11341e-05
0.286658  0.00244127  0.0046035  2.14558e-05
0.224435  0.00212386  0.004835  2.19886e-05
0.140146  0.00166339  0.005099  2.2581e-05
0.135991  0.00167447  0.0051256  2.26398e-05
0.130497  0.00160422  0.0050824  2.25442e-05
0.127926  0.001582  0.0051383  2.26678e-05
0.108739  0.00149625  0.005124  2.26363e-05
0.105492  0.00146147  0.0050238  2.24138e-05

Crystal16
0.0125331  0  0  0
0.0125331  0  0  0
0.0125331  0  0  0
0.0125331  0  0  0
0.0125331  0  0  0
0.0125331  0  0  0
0.0125331  0  0  0
0.0125331  0  0  0
0.0125331  0  0  0
0.0125331  0  0  0
0.0125331  0  0  0
0.0125331  0  0  0

Crystal17
0.0125331  0  0  0
0.0125331  0  0  0
0.0125331  0  0  0
0.0125331  0  0  0
0.0125331  0  0  0
0.0125331  0  0  0
0.0125331  0  0  0
0.0125331  0  0  0
0.0125331  0  0  0
0.0125331  0  0  0
0.0125331  0  0  0
0.0125331  0  0  0

Crystal18
0.0125331  0  0  0
0.0125331  0  0  0
0.0125331  0  0  0
0.0125331  0  0  0
0.0125331  0  0  0
0.0125331  0  0  0
0.0125331  0  0  0
0.0125331  0  0  0
0.0125331  0  0  0
0.0125331  0  0  0
0.0125331  0  0  0
0.0125331  0  0  0

Crystal19
0.0125331  0  0  0
0.0125331  0  0  0
0.0125331  0  0  0
0.0125331  0  0  0
0.0125331  0  0  0
0.0125331  0  0  0
0.0125331  0  0  0
0.0125331  0  0  0
0.0125331  0  0  0
0.0125331  0  0  0
0.0125331  0  0  0
0.0125331  0  0  0

Crystal20
0.11405  0.00146444  0.0013758  1.17295e-05
0.138632  0.00173117  0.0018911  1.37517e-05
0.138336  0.0017586  0.0019758  1.40563e-05
0.133806  0.00168071  0.0020276  1.42394e-05
0.11947  0.00162553  0.0023065  1.51872e-05
0.0940456  0.00141849  0.0025858  1.60804e-05
0.0618031  0.00114344  0.0030887  1.75747e-05
0.0600296  0.00109806  0.0031529  1.77564e-05
0.0574653  0.00109266  0.0031365  1.77102e-05
0.0568381  0.00106631  0.0031686  1.78006e-05
0.0498225  0.00105053  0.0032526  1.8035e-05
0.0467048  0.000964152  0.003198  1.7883e-05

Crystal21
0.34951  0.00267197  0.0039855  1.99637e-05
0.356033  0.00275875  0.004433  2.10547e-05
0.34853  0.0027393  0.0044871  2.11828e-05
0.33192  0.00262374  0.0044675  2.11365e-05
0.288837  0.00245843  0.0046334  2.15253e-05
0.228465  0.00217278  0.004855  2.20341e-05
0.141917  0.00164895  0.0051077  2.26002e-05
0.136358  0.00165311  0.0051042  2.25925e-05
0.13322  0.00165286  0.0051548  2.27042e-05
0.128508  0.0015916  0.0051536  2.27015e-05
0.108288  0.00146196  0.0050892  2.25593e-05
0.107073  0.00145618  0.0051204  2.26283e-05

Crystal22
0.351896  0.00271754  0.0040043  2.00107e-05
0.363046  0.00274361  0.0045187  2.12572e-05
0.344465  0.0026941  0.0044502  2.10955e-05
0.334016  0.00265332  0.0044915  2.11932e-05
0.285165  0.00242594  0.0046336  2.15258e-05
0.226996  0.00214565  0.0048737  2.20765e-05
0.142681  0.00169533  0.0051303  2.26502e-05
0.134241  0.00164737  0.0051394  2.26702e-05
0.130507  0.00164456  0.0051273  2.26435e-05
0.130402  0.00164149  0.0051599  2.27154e-05
0.109789  0.00146508  0.0051241  2.26365e-05
0.106981  0.00149452  0.0051064  2.25973e-05

Crystal23
0.114299  0.00147648  0.0013854  1.17703e-05
0.138514  0.00169693  0.0019007  1.37866e-05
0.137833  0.00173675  0.0019861  1.40929e-05
0.132825  0.00171018  0.0020202  1.42134e-05
0.117225  0.00162373  0.0022743  1.50808e-05
0.0959181  0.00143872  0.0026346  1.62315e-05
0.0618661  0.00110564  0.0031007  1.76088e-05
0.0584058  0.00111978  0.0030995  1.76054e-05
0.0569207  0.00110674  0.0031271  1.76836e-05
0.0565963  0.00107369  0.0031583  1.77716e-05
0.0471146  0.00101479  0.0032322  1.79783e-05
0.0477129  0.000988283  0.0032303  1.7973e-05

Crystal24
0.142335  0.0015817  0.0017918  1.33858e-05
0.312008  0.00260092  0.0041961  2.04844e-05
0.320288  0.00260651  0.0044607  2.11204e-05
0.317977  0.00257701  0.0046179  2.14893e-05
0.277752  0.00243508  0.0048725  2.20737e-05
0.220713  0.00213634  0.0051009  2.25852e-05
0.13495  0.00164535  0.0052951  2.30111e-05
0.131753  0.00161585  0.0052697  2.29558e-05
0.129285  0.0016513  0.0053114  2.30465e-05
0.122708  0.00157928  0.0052283  2.28655e-05
0.105716  0.00146507  0.0052503  2.29135e-05
0.106312  0.00148082  0.0052954  2.30117e-05

Crystal25
0.481575  0.00312019  0.0053615  2.31549e-05
0.50341  0.00323679  0.006246  2.4992e-05
0.483372  0.00320938  0.0062357  2.49714e-05
0.463471  0.00309903  0.0062536  2.50072e-05
0.388458  0.00288018  0.0062609  2.50218e-05
0.296102  0.00244941  0.0062371  2.49742e-05
0.174603  0.00187991  0.006182  2.48636e-05
0.16757  0.00180635  0.0061446  2.47883e-05
0.16334  0.00181312  0.0061194  2.47374e-05
0.158145  0.00178814  0.006126  2.47508e-05
0.131579  0.00163782  0.0060245  2.45449e-05
0.128077  0.00161098  0.0059699  2.44334e-05

Crystal26
0.479425  0.00309082  0.0053354  2.30985e-05
0.497855  0.003269  0.0062073  2.49145e-05
0.481023  0.00317321  0.0062146  2.49291e-05
0.464537  0.00319219  0.0062873  2.50745e-05
0.388403  0.00286875  0.0062378  2.49756e-05
0.297183  0.00247005  0.0062596  2.50192e-05
0.174696  0.00188682  0.0061699  2.48393e-05
0.168436  0.00184287  0.006141  2.4781e-05
0.159494  0.00178065  0.0060935  2.4685e-05
0.157323  0.00179376  0.0061342  2.47673e-05
0.132777  0.00162474  0.0059885  2.44714e-05
0.131545  0.00161704  0.0060713  2.464e-05

Crystal27
0.143105  0.00159641  0.0017957  1.34004e-05
0.312351  0.00261361  0.0042089  2.05156e-05
0.318235  0.00260515  0.0044455  2.10844e-05
0.316313  0.00262049  0.0046159  2.14846e-05
0.279082  0.00245472  0.0048483  2.20189e-05
0.219541  0.00215481  0.0050933  2.25683e-05
0.134356  0.00164855  0.0052926  2.30057e-05
0.133772  0.00166209  0.0053167  2.3058e-05
0.127059  0.00159117  0.005326  2.30781e-05
0.125292  0.00157948  0.0052837  2.29863e-05
0.105486  0.00146744  0.0052979  2.30172e-05
0.104036  0.00145834  0.0052996  2.30209e-05

Crystal28
0.140053  0.00159881  0.0016505  1.28472e-05
0.2104  0.00215779  0.0028667  1.69313e-05
0.209879  0.00216196  0.0029858  1.72795e-05
0.210935  0.00208918  0.0031496  1.77471e-05
0.190201  0.0020604  0.0034541  1.85852e-05
0.156955  0.00182858  0.0038137  1.95287e-05
0.103312  0.0014627  0.0042444  2.06019e-05
0.10074  0.00141632  0.0042383  2.05871e-05
0.096904  0.00143672  0.0042827  2.06947e-05
0.0957512  0.00140607  0.0042888  2.07094e-05
0.0826929  0.00128906  0.0043172  2.07779e-05
0.0800001  0.00127623  0.0043243  2.0795e-05

Crystal29
0.059361  0.00103004  0.0007226  8.50059e-06
0.107389  0.00150892  0.0015069  1.22756e-05
0.108669  0.00156787  0.0015939  1.2625e-05
0.106292  0.00151138  0.0016685  1.2917e-05
0.0991515  0.00147139  0.0019341  1.39072e-05
0.0804888  0.00129665  0.0022648  1.50493e-05
0.0527677  0.00103022  0.0027555  1.65997e-05
0.0531437  0.00103229  0.0027944  1.67165e-05
0.0516859  0.0010337  0.0028233  1.68027e-05
0.0511655  0.00101786  0.0028327  1.68306e-05
0.0427584  0.000932071  0.0029123  1.70655e-05
0.0431652  0.000937278  0.002904  1.70411e-05

Crystal30
0.0589826  0.00101407  0.0007279  8.53171e-06
0.106746  0.00150558  0.001505  1.22678e-05
0.107992  0.0015548  0.0015745  1.25479e-05
0.108238  0.00159486  0.0016804  1.2963e-05
0.0975639  0.00145827  0.001923  1.38672e-05
0.0810442  0.00136289  0.0022632  1.50439e-05
0.0532494  0.00105064  0.0027731  1.66526e-05
0.0532011  0.00105137  0.0027953  1.67192e-05
0.0502965  0.00102519  0.0027871  1.66946e-05
0.0500581  0.00100613  0.0028441  1.68645e-05
0.0425228  0.000927739  0.0029205  1.70895e-05
0.0429029  0.000910921  0.0028996  1.70282e-05

Crystal31
0.141391  0.00160887  0.0016668  1.29105e-05
0.211787  0.00217132  0.0028847  1.69844e-05
0.209896  0.00216382  0.0029834  1.72725e-05
0.206452  0.00211785  0.0031034  1.76165e-05
0.189018  0.00196313  0.0034216  1.84976e-05
0.15701  0.0018203  0.0038057  1.95082e-05
0.101313  0.00145254  0.0042331  2.05745e-05
0.101343  0.00139921  0.0042472  2.06087e-05
0.0964305  0.00139203  0.0042673  2.06574e-05
0.0935292  0.00135555  0.0042862  2.07031e-05
0.0804407  0.00128209  0.0043133  2.07685e-05
0.0798976  0.00127805  0.0042997  2.07357e-05

Crystal32
0.0580421  0.00102254  0.0007144  8.45222e-06
0.106953  0.0015533  0.0015076  1.22784e-05
0.106674  0.00157659  0.001579  1.25658e-05
0.106009  0.00153772  0.0016576  1.28748e-05
0.0983342  0.00146285  0.00191  1.38203e-05
0.0804424  0.00126766  0.002253  1.501e-05
0.0529324  0.00104877  0.002738  1.65469e-05
0.052486  0.0010487  0.0027681  1.66376e-05
0.0504867  0.000990036  0.0028151  1.67783e-05
0.0494247  0.00102442  0.0028131  1.67723e-05
0.0424862  0.000917705  0.002937  1.71377e-05
0.0422591  0.000930163  0.0029334  1.71272e-05

Crystal33
0.0571629  0.00100779  0.0007009  8.37198e-06
0.105037  0.00156415  0.0014783  1.21585e-05
0.106719  0.00152193  0.0015767  1.25567e-05
0.106899  0.00151753  0.0016769  1.29495e-05
0.0968497  0.00146602  0.0018939  1.37619e-05
0.0797016  0.00130147  0.0022599  1.5033e-05
0.0541264  0.00106144  0.002758  1.66072e-05
0.0526524  0.00104803  0.0027834  1.66835e-05
0.0514611  0.00102909  0.00282  1.67929e-05
0.0504603  0.00101432  0.0028644  1.69245e-05
0.043371  0.0009332  0.0029178  1.70816e-05
0.04316  0.0009232  0.0029462  1.71645e-05

Crystal34
0.139542  0.00159015  0.0016513  1.28503e-05
0.208494  0.00212264  0.0028542  1.68944e-05
0.213397  0.00217676  0.0030496  1.74631e-05
0.207381  0.00213112  0.0031198  1.7663e-05
0.18809  0.00197146  0.0034424  1.85537e-05
0.158527  0.0018235  0.0038061  1.95092e-05
0.104085  0.00144884  0.0042441  2.06012e-05
0.100745  0.00140815  0.0042363  2.05823e-05
0.095926  0.00141795  0.0042887  2.07092e-05
0.0950003  0.0013899  0.0042989  2.07338e-05
0.0798555  0.00122818  0.004297  2.07292e-05
0.0805677  0.00129177  0.0043306  2.08101e-05

Crystal35
0.140445  0.00159842  0.001668  1.29151e-05
0.210277  0.0021619  0.0028561  1.69e-05
0.211615  0.00214652  0.0030219  1.73836e-05
0.20729  0.00216952  0.0031132  1.76443e-05
0.186777  0.00204743  0.0033941  1.84231e-05
0.155038  0.00180251  0.0038138  1.9529e-05
0.102718  0.00146299  0.0042488  2.06126e-05
0.0996759  0.00141277  0.0042181  2.0538e-05
0.0957118  0.00142597  0.0042574  2.06335e-05
0.0926433  0.00138534  0.0042873  2.07058e-05
0.080573  0.00125862  0.0042937  2.07212e-05
0.0790982  0.00126316  0.0042951  2.07246e-05

Crystal36
0.46356  0.00306504  0.0051499  2.26934e-05
0.485376  0.00319496  0.0060314  2.45589e-05
0.466927  0.00310393  0.0060525  2.46018e-05
0.44819  0.00312244  0.0060694  2.46362e-05
0.376778  0.00283671  0.0060586  2.46142e-05
0.289906  0.0024485  0.006118  2.47346e-05
0.175841  0.00186317  0.0061485  2.47962e-05
0.168483  0.00182948  0.006137  2.4773e-05
0.162417  0.0018194  0.0060977  2.46935e-05
0.157313  0.00176626  0.0061033  2.47049e-05
0.132297  0.00162921  0.0060697  2.46368e-05
0.130726  0.00163172  0.0060015  2.4498e-05

Crystal37
0.462726  0.00303828  0.005176  2.27508e-05
0.482662  0.00321254  0.0060034  2.45018e-05
0.468661  0.00310312  0.0060697  2.46368e-05
0.448636  0.00309222  0.0060681  2.46335e-05
0.380308  0.00285676  0.0060688  2.46349e-05
0.291767  0.00242413  0.0061247  2.47481e-05
0.173495  0.00184456  0.0061273  2.47534e-05
0.170458  0.00182809  0.0061755  2.48506e-05
0.16017  0.00178376  0.006103  2.47043e-05
0.158938  0.00181017  0.0060804  2.46585e-05
0.131456  0.00162463  0.0060056  2.45063e-05
0.131925  0.00164004  0.0059711  2.44358e-05

Crystal38
0.135267  0.00156138  0.0016988  1.30338e-05
0.300475  0.00253661  0.0040552  2.01375e-05
0.30882  0.00258399  0.0043078  2.07552e-05
0.306147  0.0026004  0.004459  2.11163e-05
0.270387  0.00233775  0.0046976  2.16739e-05
0.214413  0.00213891  0.0049919  2.23426e-05
0.136837  0.00167713  0.0052502  2.29133e-05
0.13033  0.00164633  0.0052662  2.29482e-05
0.127845  0.00159442  0.0052891  2.2998e-05
0.123224  0.00156822  0.0052379  2.28865e-05
0.106016  0.00145912  0.0052393  2.28895e-05
0.10593  0.001475  0.005253  2.29194e-05

Crystal39
0.13575  0.00154833  0.0017034  1.30514e-05
0.300804  0.00253665  0.0040482  2.01201e-05
0.307538  0.00259945  0.0043098  2.07601e-05
0.304679  0.00259178  0.0044439  2.10806e-05
0.269149  0.00242805  0.0046945  2.16668e-05
0.2107  0.00210943  0.0049747  2.2304e-05
0.135578  0.00168233  0.0052807  2.29798e-05
0.133584  0.00164927  0.0052985  2.30185e-05
0.127382  0.00158121  0.0052544  2.29225e-05
0.125399  0.00158699  0.0052653  2.29462e-05
0.108054  0.00149535  0.005301  2.30239e-05
0.103454  0.00142632  0.0052534  2.29203e-05

Crystal40
0.350639  0.00269478  0.0039984  1.9996e-05
0.354359  0.00273196  0.0044194  2.10224e-05
0.342327  0.00266095  0.0044313  2.10507e-05
0.330484  0.00261928  0.0044645  2.11294e-05
0.284096  0.0024239  0.0046122  2.1476e-05
0.223952  0.0021452  0.0048348  2.19882e-05
0.142391  0.00166477  0.0051282  2.26455e-05
0.13664  0.00164423  0.0050968  2.25761e-05
0.131473  0.00164557  0.005101  2.25854e-05
0.129297  0.00161743  0.005119  2.26252e-05
0.108086  0.00145638  0.0051335  2.26572e-05
0.107696  0.00144707  0.0051119  2.26095e-05

Crystal41
0.347792  0.00266594  0.0039693  1.99231e-05
0.357068  0.00270381  0.0044486  2.10917e-05
0.343396  0.00266783  0.0044346  2.10585e-05
0.328881  0.00266527  0.0044599  2.11185e-05
0.286324  0.00244027  0.0046388  2.15379e-05
0.224512  0.00214335  0.0048345  2.19875e-05
0.143092  0.00168371  0.0051298  2.26491e-05
0.135666  0.00165092  0.0050751  2.2528e-05
0.133079  0.00164035  0.0051497  2.2693e-05
0.128194  0.0016052  0.0051185  2.26241e-05
0.110509  0.00152356  0.0051243  2.26369e-05
0.106763  0.00146197  0.0051057  2.25958e-05

Crystal42
0.114857  0.00147597  0.0013977  1.18224e-05
0.138517  0.00172491  0.0018845  1.37277e-05
0.138153  0.00170358  0.0019873  1.40972e-05
0.13307  0.00168072  0.002018  1.42056e-05
0.119937  0.00162453  0.0022893  1.51304e-05
0.0959851  0.00140423  0.002616  1.61741e-05
0.0607724  0.00112327  0.0030852  1.75647e-05
0.0583246  0.00108322  0.003073  1.753e-05
0.057617  0.00108083  0.0031183  1.76587e-05
0.0559646  0.00110032  0.0031247  1.76768e-05
0.0482172  0.0009675  0.0032294  1.79705e-05
0.0474868  0.000996845  0.0032374  1.79928e-05

Crystal43
0.112868  0.00145757  0.001369  1.17004e-05
0.138884  0.00173047  0.0018924  1.37565e-05
0.136657  0.00173442  0.0019441  1.39431e-05
0.132627  0.00168942  0.0020189  1.42088e-05
0.11936  0.00161298  0.0022679  1.50595e-05
0.0956552  0.00140852  0.0026089  1.61521e-05
0.0619985  0.00110645  0.0030913  1.75821e-05
0.0598784  0.00109699  0.0030914  1.75824e-05
0.0577394  0.0010812  0.0031152  1.76499e-05
0.0573675  0.00108574  0.0031615  1.77806e-05
0.047206  0.000966605  0.0032278  1.79661e-05
0.0465602  0.00096245  0.0032172  1.79366e-05

Crystal44
0.113908  0.00146107  0.0013796  1.17456e-05
0.136775  0.0017339  0.0018643  1.36539e-05
0.136644  0.00172649  0.0019627  1.40096e-05
0.13255  0.00171164  0.0020227  1.42222e-05
0.119368  0.00157365  0.0022846  1.51149e-05
0.0956726  0.00142774  0.0026073  1.61471e-05
0.0612161  0.00109723  0.0030691  1.75188e-05
0.0592853  0.00112047  0.0030929  1.75866e-05
0.0569477  0.0010866  0.0031204  1.76647e-05
0.0558112  0.00107876  0.0031482  1.77432e-05
0.0478322  0.000973076  0.0032174  1.79371e-05
0.0474308  0.000966052  0.0032079  1.79106e-05

Crystal45
0.114712  0.00146498  0.0013809  1.17512e-05
0.137854  0.00173117  0.0018876  1.3739e-05
0.136995  0.00170857  0.0019636  1.40129e-05
0.132465  0.00170217  0.0020197  1.42116e-05
0.11819  0.00156799  0.0022732  1.50771e-05
0.0949953  0.00136355  0.002607  1.61462e-05
0.0606137  0.00113896  0.0030527  1.7472e-05
0.0579897  0.00107615  0.0030912  1.75818e-05
0.0577205  0.0010811  0.0031264  1.76816e-05
0.0565471  0.00106835  0.0031311  1.76949e-05
0.0481911  0.000985983  0.0032185  1.79402e-05
0.0483055  0.00101685  0.0032112  1.79198e-05

Crystal46
0.347268  0.00268672  0.0039593  1.9898e-05
0.354945  0.00271558  0.0044211  2.10264e-05
0.345365  0.00269142  0.0044481  2.10905e-05
0.335281  0.00264858  0.0044964  2.12047e-05
0.287817  0.00245805  0.0046527  2.15701e-05
0.227205  0.00215891  0.0048617  2.20493e-05
0.14011  0.00167928  0.0050685  2.25133e-05
0.137377  0.00165361  0.0051302  2.26499e-05
0.129834  0.00159803  0.0050882  2.2557e-05
0.126784  0.00159968  0.0051369  2.26647e-05
0.109209  0.00148276  0.0051125  2.26108e-05
0.10666  0.00146502  0.0050771  2.25324e-05

Crystal47
0.348168  0.00268214  0.0039715  1.99286e-05
0.359174  0.00274853  0.0044819  2.11705e-05
0.340398  0.00266412  0.0044303  2.10483e-05
0.331249  0.00263994  0.0044946  2.12005e-05
0.284403  0.00244794  0.0045865  2.14161e-05
0.226977  0.002179  0.0048377  2.19948e-05
0.14007  0.00163689  0.0050891  2.2559e-05
0.137631  0.00164265  0.0051248  2.2638e-05
0.13212  0.00163014  0.0051495  2.26925e-05
0.12641  0.00158456  0.0051097  2.26046e-05
0.109101  0.00146478  0.0051099  2.26051e-05
0.10802  0.00148732  0.0051135  2.2613e-05

Crystal48
0.156318  0.00169462  0.0019372  1.39183e-05
0.337394  0.00268693  0.0045125  2.12426e-05
0.343032  0.00274499  0.004766  2.18312e-05
0.335304  0.00266285  0.0048806  2.20921e-05
0.298819  0.00251486  0.0052041  2.28125e-05
0.23782  0.00224359  0.0054557  2.33574e-05
0.150043  0.0017294  0.0057518  2.39829e-05
0.146265  0.00173801  0.0057607  2.40015e-05
0.141965  0.00170289  0.0057944  2.40716e-05
0.137783  0.00165154  0.0057517  2.39827e-05
0.118492  0.00155324  0.005756  2.39917e-05
0.11641  0.00152849  0.0057588  2.39975e-05

Crystal49
0.156813  0.00169774  0.0019363  1.39151e-05
0.336956  0.00271205  0.0045295  2.12826e-05
0.34321  0.00273639  0.0047863  2.18776e-05
0.337168  0.00268522  0.0048953  2.21253e-05
0.299363  0.00249553  0.0052147  2.28357e-05
0.236498  0.00225003  0.0054736  2.33957e-05
0.15061  0.0017299  0.005773  2.40271e-05
0.145644  0.00171712  0.005743  2.39646e-05
0.139199  0.00167387  0.0057672  2.4015e-05
0.136246  0.00167314  0.0057845  2.4051e-05
0.117539  0.00152849  0.0057904  2.40632e-05
0.114974  0.00153656  0.0057351  2.39481e-05

Crystal50
0.513734  0.00320627  0.0057225  2.39217e-05
0.526811  0.00332792  0.0065791  2.56498e-05
0.515737  0.00329936  0.0066798  2.58453e-05
0.491571  0.00324442  0.0066509  2.57893e-05
0.41077  0.00293058  0.0066391  2.57665e-05
0.315984  0.00257388  0.0066779  2.58416e-05
0.192509  0.00196193  0.0066745  2.58351e-05
0.185386  0.00193919  0.0066836  2.58527e-05
0.177857  0.00190353  0.0066383  2.57649e-05
0.173623  0.00189109  0.0066668  2.58201e-05
0.144246  0.00169648  0.0065279  2.55498e-05
0.145294  0.0017175  0.0065841  2.56595e-05

Crystal51
0.510028  0.00320667  0.0056879  2.38493e-05
0.534389  0.00338116  0.006656  2.57992e-05
0.514226  0.00328677  0.0066688  2.5824e-05
0.494201  0.00322651  0.006655  2.57973e-05
0.41273  0.002934  0.0066108  2.57115e-05
0.318579  0.00259099  0.006695  2.58747e-05
0.192084  0.0019564  0.0066846  2.58546e-05
0.18508  0.00193212  0.0066539  2.57952e-05
0.177445  0.00188105  0.0066756  2.58372e-05
0.172517  0.00180309  0.0066215  2.57323e-05
0.144413  0.00167897  0.0065053  2.55055e-05
0.142998  0.00165729  0.0065469  2.55869e-05

Crystal52
0.138039  0.00155989  0.0016404  1.28078e-05
0.20962  0.00210816  0.0028571  1.6903e-05
0.211343  0.00211166  0.0029949  1.73058e-05
0.2093  0.0021557  0.0031231  1.76723e-05
0.190659  0.00203324  0.0034446  1.85596e-05
0.156957  0.00184165  0.0038127  1.95261e-05
0.102638  0.00145206  0.0042063  2.05093e-05
0.100526  0.00142124  0.0042303  2.05677e-05
0.0975563  0.0014045  0.0042682  2.06596e-05
0.0940948  0.00139266  0.004294  2.0722e-05
0.0803273  0.00125133  0.0042751  2.06763e-05
0.0809915  0.00127994  0.004333  2.08159e-05

Crystal53
0.140053  0.00159561  0.0016515  1.28511e-05
0.212607  0.00218466  0.002877  1.69617e-05
0.211806  0.00214058  0.0029995  1.73191e-05
0.206091  0.00208822  0.0030937  1.75889e-05
0.189731  0.00202944  0.0034532  1.85828e-05
0.155969  0.00181919  0.0037993  1.94918e-05
0.10413  0.00144249  0.0042566  2.06315e-05
0.0998695  0.00143078  0.0042515  2.06192e-05
0.0967894  0.00142283  0.0042911  2.0715e-05
0.0922398  0.00137117  0.0042699  2.06637e-05
0.0819405  0.00130625  0.0043153  2.07733e-05
0.0807959  0.001297  0.0043559  2.08708e-05

Crystal54
0.0584703  0.00103843  0.0007131  8.44452e-06
0.104838  0.00153217  0.0014731  1.21371e-05
0.10876  0.00154424  0.0015937  1.26242e-05
0.107241  0.00150429  0.0016663  1.29085e-05
0.0976093  0.00144844  0.0019088  1.38159e-05
0.079958  0.00129346  0.0022324  1.49412e-05
0.0533069  0.00103779  0.0027317  1.65279e-05
0.0527689  0.00103531  0.0028123  1.67699e-05
0.0497381  0.0009959  0.0028363  1.68413e-05
0.0511939  0.00104277  0.0028208  1.67952e-05
0.0448053  0.000941294  0.0029657  1.72212e-05
0.0431213  0.000948624  0.0029374  1.71388e-05

Crystal55
0.0574  0.00100387  0.0007026  8.38212e-06
0.104271  0.00155657  0.0014682  1.21169e-05
0.107506  0.00157772  0.0015798  1.2569e-05
0.107595  0.00155137  0.0016747  1.2941e-05
0.0954359  0.00146695  0.0018998  1.37833e-05
0.0797668  0.0013051  0.0022393  1.49643e-05
0.0528031  0.00102703  0.0027411  1.65563e-05
0.0517495  0.0010356  0.0027746  1.66571e-05
0.0503185  0.00103798  0.0027953  1.67192e-05
0.0496006  0.00102496  0.0028084  1.67583e-05
0.0421629  0.000939271  0.002924  1.70997e-05
0.045041  0.000965987  0.0029712  1.72372e-05

Crystal56
0.159174  0.0017048  0.001973  1.40464e-05
0.341162  0.00269188  0.0045817  2.14049e-05
0.348017  0.00272976  0.0048263  2.19688e-05
0.341974  0.00272368  0.004973  2.23002e-05
0.302366  0.00255725  0.0052545  2.29227e-05
0.239254  0.00223155  0.0055258  2.3507e-05
0.151799  0.00177924  0.0058393  2.41646e-05
0.148629  0.00174828  0.0058005  2.40842e-05
0.142353  0.00166046  0.0057952  2.40732e-05
0.138546  0.00166555  0.0058018  2.40869e-05
0.119331  0.00155953  0.0058136  2.41114e-05
0.119418  0.00154689  0.0058113  2.41066e-05

Crystal57
0.524561  0.00325499  0.0058636  2.42149e-05
0.548824  0.00341241  0.0068368  2.61473e-05
0.52944  0.00336162  0.0068495  2.61715e-05
0.503542  0.00326099  0.006791  2.60595e-05
0.423786  0.00300565  0.0067435  2.59682e-05
0.321918  0.0025732  0.0067689  2.60171e-05
0.196518  0.00200226  0.0068159  2.61073e-05
0.188481  0.00196642  0.0067516  2.59838e-05
0.180536  0.00187159  0.0067267  2.59359e-05
0.175503  0.00188794  0.0067519  2.59844e-05
0.148292  0.00170901  0.0065715  2.56349e-05
0.145982  0.00170677  0.0066283  2.57455e-05

Crystal58
0.52525  0.00326009  0.0058635  2.42147e-05
0.541937  0.00334096  0.0067548  2.599e-05
0.526022  0.00334216  0.0067953  2.60678e-05
0.5001  0.00325466  0.0067747  2.60283e-05
0.426724  0.00297668  0.006856  2.6184e-05
0.325835  0.0025943  0.0068321  2.61383e-05
0.195383  0.00198564  0.0067727  2.60244e-05
0.188786  0.00194839  0.006773  2.6025e-05
0.180977  0.00192245  0.0067012  2.58867e-05
0.17748  0.00188144  0.0067361  2.5954e-05
0.149661  0.00173498  0.0066234  2.5736e-05
0.147132  0.0017094  0.0065982  2.5687e-05

Crystal59
0.159382  0.00169319  0.0019994  1.414e-05
0.340977  0.00270561  0.0045803  2.14016e-05
0.349754  0.00271555  0.0048465  2.20148e-05
0.34543  0.00275868  0.0050201  2.24056e-05
0.306621  0.00255566  0.0053224  2.30703e-05
0.241128  0.00226434  0.0055518  2.35623e-05
0.149814  0.00174122  0.0057697  2.40202e-05
0.149043  0.00174922  0.0058356  2.4157e-05
0.142207  0.00168119  0.0058382  2.41624e-05
0.138229  0.00166903  0.0057989  2.40809e-05
0.120118  0.00159374  0.005832  2.41495e-05
0.120121  0.00155095  0.0058151  2.41145e-05

Crystal60
0.525285  0.00325873  0.0058517  2.41903e-05
0.54448  0.0033855  0.0067828  2.60438e-05
0.529965  0.00335836  0.0068529  2.6178e-05
0.503768  0.00328968  0.0068291  2.61325e-05
0.423261  0.00302366  0.0067643  2.60083e-05
0.326367  0.00258298  0.0068539  2.618e-05
0.194775  0.00197553  0.0067932  2.60638e-05
0.187517  0.0019357  0.0067945  2.60663e-05
0.182383  0.0019431  0.006758  2.59962e-05
0.175762  0.00188696  0.0067294  2.59411e-05
0.148405  0.00172561  0.0066135  2.57167e-05
0.144345  0.00170871  0.0065825  2.56564e-05

Crystal61
0.157637  0.00167299  0.0019786  1.40663e-05
0.344885  0.00271524  0.0046124  2.14765e-05
0.352518  0.00277953  0.0049246  2.21914e-05
0.344905  0.00272279  0.0050208  2.24071e-05
0.303994  0.00257776  0.0053157  2.30558e-05
0.23789  0.00222153  0.0055138  2.34815e-05
0.154077  0.00179308  0.0058611  2.42097e-05
0.147985  0.00175832  0.0058139  2.4112e-05
0.14272  0.00167272  0.005833  2.41516e-05
0.138634  0.00167502  0.0058206  2.41259e-05
0.121045  0.00157951  0.005828  2.41413e-05
0.116676  0.00152887  0.0057791  2.40398e-05

Crystal62
0.159088  0.00170084  0.0019758  1.40563e-05
0.33828  0.00270344  0.0045474  2.13246e-05
0.349726  0.00272079  0.0048704  2.2069e-05
0.344443  0.00275505  0.0050475  2.24666e-05
0.301983  0.00257206  0.0052597  2.2934e-05
0.2416  0.00226281  0.0055652  2.35907e-05
0.153717  0.00176121  0.0058122  2.41085e-05
0.149859  0.00172172  0.0058423  2.41709e-05
0.143694  0.00166864  0.0058295  2.41444e-05
0.139171  0.00169457  0.0058268  2.41388e-05
0.118287  0.00154452  0.0058417  2.41696e-05
0.11647  0.0015534  0.0057685  2.40177e-05

Crystal63
0.528039  0.00324966  0.0059008  2.42916e-05
0.541367  0.00337562  0.0067543  2.5989e-05
0.52385  0.0033898  0.0067722  2.60235e-05
0.506644  0.00324537  0.0068176  2.61105e-05
0.422926  0.00299568  0.0067931  2.60636e-05
0.323672  0.00262729  0.0068035  2.60835e-05
0.196449  0.0019666  0.0068111  2.60981e-05
0.188816  0.0019052  0.006787  2.60519e-05
0.181203  0.0018923  0.0067523  2.59852e-05
0.176962  0.00189288  0.0067502  2.59811e-05
0.15001  0.00171616  0.0066247  2.57385e-05
0.147423  0.0017113  0.006596  2.56827e-05

