0.175285  1.41629e-06
-0.054954  0.00283522
42.8   244.045  0.0389336   17535.4  251.059   0.122003  0.00319789
86.5   494.806  0.1882   2714.26  196.695   0.309686  0.0226146
105.3   601.412  0.269715   1835.67  180.655   0.300725  0.0298524
123.1   702.595  0.0149779   72997.8  457.369   0.267138  0.00271453
247.7   1414.87  0.0610212   8420.28  187.085   0.181817  0.0041844
591.8   3376.19  0.131657   2983.4  115.831   0.0900066  0.00353602
723.3   4126.61  0.0631077   10128  170.904   0.0753028  0.00134863
873.2   4981.56  0.101102   5104.26  128.612   0.062505  0.00163458
996.3   5684.09  0.13101   3946.53  116.518   0.0564644  0.0017428
1004.7   5732.28  0.0909422   7063.61  143.626   0.0583047  0.00125381
1274.5   7271.21  0.0781449   11109.9  164.676   0.0475572  0.000743936
1596.4   9111.15  0.965389   399.353  64.6428   0.0336435  0.00545092
