0.161836  7.44463e-07
0.160565  0.00216219
42.8   263.787  0.0364279   22090.2  283.511   0.153693  0.0039087
86.5   534.4  0.178619   4631.23  315.484   0.528405  0.0363083
105.3   649.882  0.223893   2030.2  182.188   0.332593  0.030158
123.1   759.553  0.0127085   96652  516.605   0.353702  0.00340306
247.7   1530.16  0.0457289   12093.4  212.531   0.261129  0.00484923
591.8   3654.28  0.0901336   4383.29  129.066   0.13224  0.00397382
723.3   4469.14  0.0410512   15638.6  204.591   0.116275  0.00167351
873.2   5394.51  0.0615912   8181.72  156.008   0.10019  0.00203508
996.3   6155.06  0.0732861   6445.19  137.201   0.0922135  0.00213121
1004.7   6207.33  0.0545983   11154.8  172.463   0.0920744  0.00156266
1274.5   7873.89  0.0433692   18648.8  205.264   0.0798279  0.000965059
1596.4   9865.03  0.259414   810.449  48.974   0.0682762  0.0041534
