0.170574  1.07688e-06
0.207117  0.00257994
42.8   250.209  0.0351864   30587.2  328.533   0.212812  0.00520161
86.5   506.553  0.18408   5692.97  335.717   0.649544  0.0387475
105.3   615.967  0.289317   3121.08  250.041   0.511303  0.0414982
123.1   720.29  0.014564   116606  573.441   0.426724  0.00400722
247.7   1451.67  0.0554038   13005.3  225.35   0.280821  0.00514939
591.8   3467.19  0.114075   4504.83  136.286   0.135907  0.00419173
723.3   4240.23  0.0537105   15809.2  211.22   0.117543  0.00172153
873.2   5118.51  0.080636   8228.72  163.548   0.100766  0.00212333
996.3   5839.89  0.100406   6338.6  145.778   0.0906886  0.00223971
1004.7   5889.22  0.0744177   10953.4  179.371   0.0904121  0.00161017
1274.5   7469.63  0.0600765   17525.8  204.244   0.0750207  0.000951356
1596.4   9362.24  0.769587   550.582  92.9905   0.0463837  0.00784069
