0.163216  8.47197e-07
0.136891  0.00203676
42.8   261.669  0.0251196   49279.3  390.248   0.342863  0.00800255
86.5   529.429  0.147813   6957.49  299.047   0.793821  0.03486
105.3   644.811  0.186717   3125.73  210.025   0.512066  0.035045
123.1   753.211  0.0123363   139860  611.013   0.511822  0.00466534
247.7   1517.87  0.0480121   15395.9  239.812   0.332441  0.00554908
591.8   3623.67  0.0996713   5291.71  145.505   0.159647  0.00449306
723.3   4431.45  0.0462597   18223.3  224.385   0.135492  0.00185586
873.2   5349.49  0.0706165   9274.64  168.026   0.113574  0.00220584
996.3   6103.63  0.0861908   7185.27  151.039   0.102802  0.00235071
1004.7   6155.3  0.0630649   12561.7  188.526   0.103687  0.00171708
1274.5   7806.95  0.0512585   20336.6  217.972   0.0870529  0.00102958
1596.4   9781.81  0.949629   786.085  85.9066   0.0662237  0.00725202
