0.164119  4.94507e-06
0.1377  0.0243799
42.8   259.439  0.295151   20625.8  803.119   0.143505  0.00641484
86.5   526.789  1.68783   3709.73  849.261   0.423265  0.0969721
105.3   638.461  4.25497   684354  5203.13   112.113  1.68842
123.1   749.238  0.160476   83815.9  3369.9   0.306727  0.012574
247.7   1512.93  1.61611   -6225.85  641.493   -0.134433  0.0138751
591.8   3615.41  1.26052   94.6241  64.1004   0.00285473  0.00193393
723.3   4406.4  0.220024   10565.4  237.404   0.0785549  0.00182697
873.2   5318.72  0.387249   4787.34  557.278   0.0586241  0.00683655
996.3   6069.5  0.589657   4534.22  241.051   0.0648726  0.00349787
1004.7   6130.16  1.04764   832.647  210.595   0.00687287  0.00173896
1274.5   7764.68  0.17025   11781.5  202.168   0.0504319  0.00090139
1596.4   9727.09  2.62473   597.023  119.793   0.0502962  0.0100981
