0.163282  8.43638e-07
0.155573  0.00253305
42.8   261.341  0.0392841   22017.2  286.428   0.153185  0.00390938
86.5   528.814  0.220382   4852.66  339.913   0.553669  0.0391016
105.3   643.318  0.245396   1951.15  204.184   0.319643  0.0337071
123.1   752.797  0.0149919   92054.5  516.025   0.336877  0.00329078
247.7   1517.04  0.0549875   11176.9  213.38   0.241341  0.00482965
591.8   3623.29  0.0973321   4461.19  132.313   0.134591  0.00407263
723.3   4430.08  0.0466317   14860.2  200.692   0.110488  0.0016328
873.2   5347.13  0.0686755   7913.44  154.429   0.0969052  0.00200906
996.3   6100.72  0.0816607   6205.61  134.663   0.0887858  0.0020858
1004.7   6152.71  0.0589197   11049.6  171.739   0.0912063  0.00155472
1274.5   7803.5  0.0473753   17612.8  199.131   0.0753933  0.000932035
1596.4   9776.83  0.342482   826.189  53.3014   0.0696022  0.00451672
