0.165584  8.18388e-07
0.254535  0.00201061
42.8   257.672  0.0241972   38031.8  340.395   0.264608  0.00627388
86.5   522.122  0.148032   4916.09  272.327   0.560906  0.0314788
105.3   634.464  0.183654   2330.07  186.133   0.381718  0.0308939
123.1   741.621  0.0121236   102675  522.555   0.375741  0.00356266
247.7   1495.15  0.0471757   11490.9  207.086   0.248121  0.00471288
591.8   3572.45  0.096067   3694.66  118.337   0.111465  0.00363224
723.3   4367.03  0.0458431   12907.6  187.913   0.0959694  0.00151116
873.2   5272.24  0.0662218   6966.2  139.759   0.0853056  0.00181262
996.3   6015.41  0.0818083   5293.34  125.123   0.0757337  0.00191555
1004.7   6066.42  0.0593949   9112.48  157.253   0.0752166  0.00140073
1274.5   7695.03  0.0474215   14630.2  183.393   0.0626259  0.000845177
1596.4   9640.54  0.311701   632.926  46.3248   0.0533207  0.00392043
