0.164344  1.32365e-06
0.144586  0.00430995
42.8   259.492  0.0638267   18364.1  296.391   0.127769  0.00348168
86.5   525.01  0.42347   5062.82  403.198   0.577648  0.046296
105.3   638.924  0.544836   1965.44  254.112   0.321983  0.0418392
123.1   748.079  0.0257481   75230.9  520.94   0.27531  0.00291295
247.7   1507.25  0.094076   9023.58  220.419   0.194844  0.00490093
591.8   3599.12  0.177005   3362.49  140.666   0.101444  0.00428722
723.3   4400.92  0.0732783   12031.9  197.788   0.0894586  0.00156547
873.2   5312.19  0.106528   6343.07  158.447   0.077675  0.00201503
996.3   6061.74  0.128448   5121.15  141.781   0.07327  0.002133
1004.7   6112.75  0.0913853   9069.88  171.381   0.074865  0.00150857
1274.5   7753.74  0.0683828   14787.4  195.813   0.0632988  0.000895958
1596.4   9714.96  0.819293   615.352  60.0363   0.0518403  0.00507075
