0.169697  9.83193e-07
-0.0567154  0.00265589
42.8   251.883  0.0335464   31170.8  324.915   0.216872  0.00527099
86.5   510.021  0.203116   4972.86  278.616   0.567384  0.0321965
105.3   621.311  0.33429   2443.37  244.227   0.400279  0.0403469
123.1   725.858  0.0155167   102414  535.859   0.374788  0.00358264
247.7   1461.13  0.0603525   11354.3  214.771   0.24517  0.00486522
591.8   3486.95  0.111658   3832.35  125.968   0.115619  0.00386316
723.3   4262  0.0518773   13142.1  191.913   0.097713  0.00154264
873.2   5146.13  0.0754948   7056.1  147.084   0.0864066  0.00189999
996.3   5871.41  0.0895958   5378.36  126.712   0.0769501  0.00194069
1004.7   5921.27  0.0672815   9202.92  158.565   0.0759631  0.00141273
1274.5   7510.72  0.0520737   14707.7  183.403   0.0629576  0.000845833
1596.4   9408.11  0.347903   643.523  49.4348   0.0542135  0.00418189
