0.16217  6.72838e-07
0.0795713  0.00162555
42.8   263.258  0.0236243   35321.5  330.758   0.245751  0.00586593
86.5   533.533  0.11803   5344.65  257.508   0.609803  0.0298888
105.3   648.837  0.139512   2667.68  187.629   0.437027  0.0312586
123.1   758.51  0.00953599   116719  546.674   0.427136  0.00395965
247.7   1528.22  0.0376763   12706.2  211.649   0.274361  0.00485754
591.8   3648.31  0.0795126   4229.3  121.622   0.127594  0.00374825
723.3   4460.46  0.0379568   14537.2  193.508   0.108086  0.00157816
873.2   5384.25  0.0579008   7657.86  146.118   0.0937755  0.00190592
996.3   6143.15  0.0704717   5887.15  130.002   0.0842295  0.00200853
1004.7   6195.3  0.0513633   10271.3  162.917   0.0847814  0.00146989
1274.5   7857.57  0.0411204   16648.8  191.831   0.0712669  0.000895134
1596.4   9842.31  0.238116   820.025  47.4142   0.0690829  0.00402357
