0.172794  7.92264e-07
0.212086  0.00192657
42.8   246.701  0.0265133   33434.8  332.726   0.232624  0.0056076
86.5   500.043  0.130704   5804.55  286.215   0.662275  0.0331955
105.3   608.041  0.163337   3011.37  197.105   0.49333  0.032921
123.1   711.081  0.010701   124460  574.631   0.455466  0.004207
247.7   1433.03  0.040896   14167  228.856   0.305905  0.0052715
591.8   3422.92  0.0849732   4800.1  137.102   0.144815  0.00422652
723.3   4185.05  0.0396719   16330.5  210.41   0.121419  0.00172573
873.2   5052.31  0.0594615   8530.86  160.522   0.104466  0.00209731
996.3   5764.51  0.072036   6625.76  141.204   0.0947971  0.00219301
1004.7   5813.4  0.0520396   11254.2  173.126   0.0928951  0.00157002
1274.5   7374.22  0.0414919   18565.9  207.687   0.0794732  0.000973788
1596.4   9240.18  0.287671   767.802  55.0877   0.0646833  0.00466289
