0.406123  3.90957e-06
-0.153443  0.00506814
42.8   120.103  0.127308   11169.6  296.552   0.077713  0.00267739
86.5   214.213  0.282407   5059.76  468.984   0.577298  0.0537609
105.3   259.322  0.235093   1071.74  198.933   0.175575  0.0326696
123.1   303.352  0.01115   66080.5  456.833   0.241824  0.00255687
247.7   610.551  0.0512499   7239.59  194.944   0.156323  0.00431261
591.8   1457.3  0.0875459   2449.02  110.344   0.073885  0.00335839
723.3   1781.37  0.0357443   8856.67  165.284   0.0658504  0.00129086
873.2   2150.54  0.0524918   4453.36  118.98   0.0545343  0.00150617
996.3   2453.83  0.064231   3579.25  110.738   0.0512096  0.00165004
1004.7   2474.73  0.0443009   6032.52  133.366   0.0497938  0.0011547
1274.5   3138.36  0.032678   9940.87  154.782   0.0425529  0.000695882
1596.4   3933.02  0.273929   332.122  49.1877   0.0279796  0.00414844
