0.181596  1.54681e-06
0.120341  0.00344648
42.8   235.02  0.0422073   20637.1  285.892   0.143583  0.00372757
86.5   475.854  0.229066   3293.28  231.21   0.37575  0.026596
105.3   579.978  0.328613   1501.39  187.036   0.245962  0.0308071
123.1   677.166  0.0183175   74771.6  488.494   0.27363  0.00282624
247.7   1364.3  0.0713078   8515.01  203.501   0.183863  0.00453051
591.8   3257.14  0.149236   2941.36  118.131   0.0887385  0.00360347
723.3   3982.1  0.066654   10343.5  178.128   0.0769049  0.00140248
873.2   4808.17  0.100922   5288.5  138.473   0.0647612  0.00175524
996.3   5485.89  0.128814   4005.36  121.731   0.057306  0.0018164
1004.7   5532.46  0.0895561   7356.06  152.338   0.0607187  0.00132732
1274.5   7017.37  0.0760752   11756.5  176.411   0.050325  0.000795965
1596.4   8790.16  0.987057   549.232  63.9167   0.04627  0.00539439
