0.149502  8.43499e-07
0.120982  0.002405
42.8   285.72  0.0318902   35376  337.265   0.246131  0.00589148
86.5   578.781  0.212073   4796.86  293.898   0.547302  0.0338924
105.3   703.979  0.255319   2196.73  215.041   0.359874  0.0355379
123.1   822.445  0.0161724   98179  526.569   0.35929  0.0034605
247.7   1656.98  0.0608129   10913.2  208.966   0.235646  0.00472849
591.8   3955.87  0.120475   3600.54  120.667   0.108625  0.00369831
723.3   4837.83  0.0561219   12031.4  182.612   0.0894546  0.00145998
873.2   5839.58  0.083714   6292.27  139.426   0.0770529  0.00179053
996.3   6663.27  0.097952   4965.56  122.47   0.071044  0.00186524
1004.7   6720.17  0.0718774   8449  153.915   0.06974  0.00136102
1274.5   8523.65  0.0606533   12433.3  171.638   0.0532219  0.000781419
1596.4   10677.8  0.423644   453.448  39.2503   0.0382007  0.00331743
