0.361915  3.07325e-06
-0.0381674  0.00438624
42.8   118.342  0.0244815   21650.3  272.4   0.150633  0.00381182
86.5   238.484  0.179113   4057.12  310.412   0.462901  0.035661
105.3   290.951  0.203834   1582.23  213.66   0.259205  0.0351642
123.1   340.227  0.0123953   66030.6  453.529   0.241642  0.00254787
247.7   685.022  0.0467534   7080  187.516   0.152877  0.00415159
591.8   1634.32  0.0841559   2470.96  108.66   0.0745469  0.00330855
723.3   1998.51  0.0363527   8898.74  163.277   0.0661631  0.00127725
873.2   2413.12  0.0535794   4444.42  116.761   0.0544249  0.0014797
996.3   2753.09  0.0608015   3554.72  106.297   0.0508587  0.00158822
1004.7   2776.51  0.0448001   6003.44  131.603   0.0495538  0.00114032
1274.5   3521.46  0.0332831   9573.52  149.151   0.0409804  0.00067053
1596.4   4413.84  0.36062   397.704  44.8113   0.0335045  0.0037824
