0.180784  1.5063e-06
0.0130202  0.00350764
42.8   236.289  0.0416415   22266.7  290.368   0.154921  0.00395615
86.5   479.229  0.259731   3234.15  273.403   0.369004  0.0313705
105.3   581.689  0.389904   1554.15  243.108   0.254605  0.039964
123.1   680.877  0.0189604   78519.6  493.399   0.287345  0.00292311
247.7   1371.07  0.0758255   9013.87  206.747   0.194635  0.00461446
591.8   3272.74  0.155722   2986.61  121.097   0.0901035  0.00369317
723.3   4000.95  0.0646789   10556.2  176.392   0.0784865  0.00139348
873.2   4830.14  0.102985   5512.9  138.674   0.067509  0.00176268
996.3   5510.89  0.126418   4190.35  121.157   0.0599529  0.00181547
1004.7   5557.61  0.0891187   7455.76  148.374   0.0615417  0.00129827
1274.5   7049.34  0.0731916   11680  170.581   0.0499975  0.000771796
1596.4   8836.57  0.701472   159.771  49.5241   0.0134599  0.00417322
