0.171633  9.65735e-07
0.0560425  0.00257007
42.8   248.561  0.0304323   36172.8  345.604   0.251674  0.00602623
86.5   504.101  0.204897   5587.23  309.346   0.63748  0.0357584
105.3   613.45  0.269311   2188.77  201.141   0.358571  0.0332795
123.1   717.005  0.0150642   106691  547.351   0.390439  0.0037106
247.7   1443.87  0.0580831   11244.1  216.286   0.242791  0.00489213
591.8   3446.97  0.113384   3857.15  127.252   0.116367  0.00390206
723.3   4213.01  0.0492961   13425.2  190.988   0.099818  0.00154115
873.2   5087.14  0.0722692   6898.15  143.515   0.0844723  0.00185425
996.3   5804.76  0.0903208   5367.34  127.448   0.0767924  0.00195002
1004.7   5853.98  0.0645252   9170.59  156.583   0.0756962  0.00139687
1274.5   7425.46  0.0497981   14832.3  183.965   0.063491  0.00084906
1596.4   9301.67  0.334393   657.654  46.0627   0.055404  0.00389988
