0.139107  7.15007e-07
0.0843888  0.00201311
42.8   306.88  0.0293733   48630.1  391.597   0.338346  0.00791255
86.5   621.449  0.167636   5994.62  286.726   0.683962  0.0332883
105.3   756.204  0.237918   3069.27  217.826   0.502816  0.0362786
123.1   884.279  0.0142587   134024  600.051   0.490467  0.00449641
247.7   1781.65  0.0560539   14317  231.432   0.309144  0.00533039
591.8   4253.62  0.112413   4995.34  140.711   0.150705  0.00434036
723.3   5199.43  0.0532735   16734.2  214.552   0.124421  0.00176125
873.2   6276.07  0.0840873   8608.29  168.708   0.105414  0.00219376
996.3   7160.56  0.099977   6518.21  144.587   0.0932583  0.00223245
1004.7   7221.4  0.0736742   11362.1  178.054   0.0937851  0.00160966
1274.5   9161.53  0.0596103   18113.7  205.861   0.0775376  0.000962719
1596.4   11478.6  0.680094   726.226  63.0458   0.0611808  0.00532852
