0.162731  6.86043e-07
0.106887  0.00154264
42.8   262.632  0.0197288   47651.7  372.192   0.331539  0.00772611
86.5   531.541  0.096806   5632.96  241.896   0.642699  0.028199
105.3   646.877  0.145945   3182.32  201.269   0.521337  0.0336617
123.1   755.647  0.00919965   130046  576.461   0.475907  0.00435265
247.7   1522.68  0.0356143   14488  224.842   0.312835  0.00520517
591.8   3634.35  0.0778225   4985.22  134.327   0.1504  0.0041518
723.3   4444.96  0.0372209   17126.3  210.19   0.127336  0.00173955
873.2   5365.53  0.0577922   9089.42  159.133   0.111306  0.00209868
996.3   6121.91  0.0731431   6980.48  144.925   0.0998721  0.00225994
1004.7   6174.02  0.0531403   12119.5  179.762   0.100037  0.00164074
1274.5   7830.35  0.0426881   19664.5  210.831   0.0841758  0.000995798
1596.4   9810.41  0.313885   826.416  53.7662   0.0696213  0.00455567
