0.172385  8.0267e-07
0.133956  0.0020441
42.8   247.465  0.0286711   32410.4  332.097   0.225497  0.00546361
86.5   501.479  0.144454   5831.58  293.013   0.665359  0.0339637
105.3   610.349  0.198029   2726.44  202.919   0.446652  0.0337461
123.1   713.287  0.0113911   124964  576.408   0.457312  0.00422304
247.7   1436.52  0.0433476   14014.2  227.064   0.302605  0.00522832
591.8   3430.87  0.0839957   4729.54  134.43   0.142686  0.00414502
723.3   4195.45  0.0398742   17230.8  213.901   0.128113  0.0017664
873.2   5065.45  0.0595094   9007.19  161.731   0.110299  0.00212567
996.3   5778.78  0.0710437   6748.23  139.581   0.0965492  0.0021779
1004.7   5827.99  0.0524237   11848  177.986   0.0977961  0.0016208
1274.5   7391.92  0.0417424   19209.2  208.803   0.0822268  0.000983827
1596.4   9261.11  0.38684   840.493  59.5041   0.0708072  0.00503736
