0.164731  1.03794e-06
0.0462822  0.00223192
42.8   258.895  0.0276162   42315.9  366.679   0.294415  0.00694935
86.5   524.655  0.162247   6930.87  348.437   0.790784  0.0403873
105.3   639.626  0.210327   3000.36  206.329   0.491527  0.0344
123.1   747.074  0.0131125   127987  590.795   0.468373  0.004326
247.7   1504.84  0.0527164   14202.1  234.81   0.306662  0.00539374
591.8   3591.55  0.116338   4646.16  142.892   0.140171  0.0043922
723.3   4390.57  0.0554902   15818.7  216.168   0.117614  0.00175533
873.2   5300.49  0.0867292   7657.87  160.677   0.0937755  0.00207421
996.3   6047.79  0.105889   6025.12  146.022   0.0862035  0.00222859
1004.7   6098.65  0.0775738   11052.6  185.45   0.0912305  0.00165862
1274.5   7736.17  0.0629697   17383.8  211.991   0.0744131  0.000980762
1596.4   9693.64  1.26594   795.621  86.7582   0.067027  0.00732397
