0.180476  9.83196e-07
0.221459  0.00239241
42.8   236.328  0.0449567   13891.7  244.037   0.0966524  0.00271774
86.5   478.547  0.210621   4377.72  377.827   0.49948  0.0433423
105.3   582.766  0.211677   1832.24  177.394   0.300163  0.0293219
123.1   680.802  0.012164   87460.2  490.347   0.320064  0.0031267
247.7   1371.93  0.0435442   11782.1  210.046   0.254409  0.00478546
591.8   3276.77  0.0866319   4176.29  125.44   0.125995  0.00385919
723.3   4006.09  0.0407912   15161.5  203.033   0.112728  0.00165417
873.2   4837.42  0.0642165   7768.53  151.888   0.0951308  0.00197558
996.3   5518.71  0.079126   6140.7  138.057   0.0878572  0.00212762
1004.7   5565.76  0.0582049   10457.3  172.723   0.0863174  0.00154845
1274.5   7060.95  0.0472299   17473.9  203.39   0.0747989  0.000947559
1596.4   8846.9  0.628569   608.708  80.6494   0.0512805  0.00680377
