0.364995  2.7962e-06
0.051313  0.00408577
42.8   117.346  0.0269241   14359.7  221.65   0.0999082  0.00268141
86.5   237.417  0.157975   3563.89  282.253   0.406626  0.0324112
105.3   288.5  0.247794   1078.14  184.244   0.176623  0.0302706
123.1   337.073  0.0109785   65440.8  454.047   0.239483  0.00253603
247.7   678.815  0.0436453   7268.1  188.769   0.156938  0.00418339
591.8   1621.08  0.0698738   2794.26  110.992   0.0843005  0.00338654
723.3   1981.55  0.0319623   9391.11  164.804   0.069824  0.00129498
873.2   2392.19  0.0463979   4836.21  121.898   0.0592225  0.00154922
996.3   2729.19  0.0543864   3860.64  109.488   0.0552355  0.00164348
1004.7   2752.38  0.0386292   6395.76  135.753   0.0527921  0.0011799
1274.5   3491.78  0.0297888   10597.3  156.524   0.0453626  0.000707364
1596.4   4375.74  0.207049   374.6  41.8589   0.0315581  0.00353331
