0.170196  9.12134e-07
0.187396  0.00205125
42.8   250.867  0.0303408   23718.1  286.14   0.16502  0.00413408
86.5   507.641  0.151539   4189.12  275.934   0.477962  0.0317755
105.3   618.326  0.181357   2035.93  182.167   0.333531  0.0301565
123.1   722.029  0.0112599   94864.9  507.187   0.347162  0.00334041
247.7   1455.21  0.0445381   10851.5  207.893   0.234314  0.004704
591.8   3475.63  0.0933246   4133.68  127.735   0.12471  0.00392563
723.3   4249.21  0.0450591   14170.5  196.64   0.105359  0.00159285
873.2   5130.21  0.070435   7551.26  150.789   0.0924701  0.00195667
996.3   5852.88  0.0834147   5958.67  133.777   0.0852527  0.00206206
1004.7   5902.64  0.0623158   10357.7  167.424   0.085495  0.00150598
1274.5   7486.42  0.0518278   16951  197.68   0.0725604  0.000920685
1596.4   9378.6  0.358918   799.074  49.9294   0.0673179  0.00423261
