0.168665  1.52719e-06
0.0414537  0.00307657
42.8   253.391  0.0459052   15078.2  245.473   0.104907  0.00286744
86.5   513.776  0.207515   2601.85  210.915   0.29686  0.0242124
105.3   623.335  0.316526   1502.5  182.219   0.246144  0.0300226
123.1   729.548  0.0166638   68636.3  448.834   0.251177  0.00259531
247.7   1469.51  0.0691411   8210.83  199.458   0.177295  0.00443628
591.8   3507.78  0.156741   2768.96  114.723   0.0835373  0.00349721
723.3   4288.3  0.0731654   9526.27  169.711   0.070829  0.00133147
873.2   5177.2  0.121845   4808.1  132.49   0.0588783  0.00167396
996.3   5907.1  0.152243   3662.57  117.04   0.0524016  0.00173968
1004.7   5957.2  0.108611   7026  150.734   0.0579943  0.00130875
1274.5   7555.04  0.0911215   10985.1  165.449   0.0470228  0.000746227
1596.4   9474.37  0.682874   35.5362  16.2154   0.00299374  0.00136623
